FCGraphDataset(146)
=========================================
Data(x=[164, 164], edge_index=[2, 2084], edge_attr=[2084], y=[1])
=========================================
=============== 1 fold ===============
1 fold | 0 epoch | predict_prob : tensor([[1.0000e+00, 2.2730e-10],
        [1.0000e+00, 9.0810e-09],
        [1.0000e+00, 8.2040e-09],
        [1.0000e+00, 3.0311e-06],
        [1.0000e+00, 7.3425e-07],
        [1.0000e+00, 1.0157e-10],
        [1.0000e+00, 2.4690e-14],
        [1.0000e+00, 2.9536e-12],
        [1.0000e+00, 2.6968e-09],
        [1.0000e+00, 1.0121e-12],
        [1.0000e+00, 3.7713e-08],
        [9.9957e-01, 4.3359e-04],
        [1.0000e+00, 2.3400e-12],
        [1.0000e+00, 3.8948e-09],
        [1.0000e+00, 3.0325e-06]], grad_fn=<SoftmaxBackward0>)
1 fold | 0 epoch | y_true : [1 1 1 1 0 0 0 0 0 0 0 1 0 0 0]
1 fold | 0 epoch | y_pred : [0 0 0 0 0 0 0 0 0 0 0 0 0 0 0]
1 fold | 0 epoch | predict_prob : tensor([[1.0000e+00, 5.7260e-07],
        [9.9987e-01, 1.3447e-04],
        [1.0000e+00, 5.4644e-07],
        [1.0000e+00, 3.3534e-08],
        [1.0000e+00, 1.1309e-12],
        [1.0000e+00, 1.6686e-07],
        [9.9994e-01, 6.3064e-05],
        [1.0000e+00, 2.2206e-08],
        [1.0000e+00, 7.3336e-08],
        [1.0000e+00, 5.9035e-08],
        [1.0000e+00, 2.7405e-06],
        [1.0000e+00, 4.0891e-12],
        [1.0000e+00, 1.8248e-15],
        [1.0000e+00, 6.3488e-09],
        [1.0000e+00, 1.3871e-07]], grad_fn=<SoftmaxBackward0>)
1 fold | 0 epoch | y_true : [0 1 0 1 0 0 1 0 0 0 0 0 0 0 1]
1 fold | 0 epoch | y_pred : [0 0 0 0 0 0 0 0 0 0 0 0 0 0 0]
train loss : 2445.588679346545 , val loss : 59.20548629760742
CV: 001, Epoch: 001, Val Loss: 59.20549, Val BAC: 0.50000, Test BAC: 0.50000, TEST SEN: 0.00000, TEST SPE: 1.00000
1 fold | 1 epoch | predict_prob : tensor([[0.3482, 0.6518],
        [0.3370, 0.6630],
        [0.2962, 0.7038],
        [0.4251, 0.5749],
        [0.3387, 0.6613],
        [0.3779, 0.6221],
        [0.3272, 0.6728],
        [0.3053, 0.6947],
        [0.3593, 0.6407],
        [0.2699, 0.7301],
        [0.3733, 0.6267],
        [0.3610, 0.6390],
        [0.3989, 0.6011],
        [0.3076, 0.6924],
        [0.3243, 0.6757]], grad_fn=<SoftmaxBackward0>)
1 fold | 1 epoch | y_true : [1 0 0 1 0 0 0 0 0 0 0 1 1 0 1]
1 fold | 1 epoch | y_pred : [1 1 1 1 1 1 1 1 1 1 1 1 1 1 1]
1 fold | 1 epoch | predict_prob : tensor([[0.3578, 0.6422],
        [0.3554, 0.6446],
        [0.3619, 0.6381],
        [0.3042, 0.6958],
        [0.3455, 0.6545],
        [0.3749, 0.6251],
        [0.3652, 0.6348],
        [0.4047, 0.5953],
        [0.3585, 0.6415],
        [0.2891, 0.7109],
        [0.3985, 0.6015],
        [0.3803, 0.6197],
        [0.3688, 0.6312],
        [0.2528, 0.7472],
        [0.3780, 0.6220]], grad_fn=<SoftmaxBackward0>)
1 fold | 1 epoch | y_true : [0 1 0 0 0 0 1 1 0 0 1 0 0 0 0]
1 fold | 1 epoch | y_pred : [1 1 1 1 1 1 1 1 1 1 1 1 1 1 1]
train loss : 278.7574979847875 , val loss : 1.7469635009765625
CV: 001, Epoch: 002, Val Loss: 1.74696, Val BAC: 0.50000, Test BAC: 0.50000, TEST SEN: 1.00000, TEST SPE: 0.00000
=============== 2 fold ===============
2 fold | 0 epoch | predict_prob : tensor([[0.8089, 0.1911],
        [0.7253, 0.2747],
        [0.9749, 0.0251],
        [0.9872, 0.0128],
        [0.7986, 0.2014],
        [0.9283, 0.0717],
        [0.8251, 0.1749],
        [0.8743, 0.1257],
        [0.8516, 0.1484],
        [0.8816, 0.1184],
        [0.9599, 0.0401],
        [0.8353, 0.1647],
        [0.6990, 0.3010],
        [0.8043, 0.1957],
        [0.9854, 0.0146]], grad_fn=<SoftmaxBackward0>)
2 fold | 0 epoch | y_true : [0 1 1 0 1 0 1 0 0 0 0 0 1 0 0]
2 fold | 0 epoch | y_pred : [0 0 0 0 0 0 0 0 0 0 0 0 0 0 0]
2 fold | 0 epoch | predict_prob : tensor([[0.9809, 0.0191],
        [0.9586, 0.0414],
        [0.8961, 0.1039],
        [0.9222, 0.0778],
        [0.9216, 0.0784],
        [0.9683, 0.0317],
        [0.9789, 0.0211],
        [0.9391, 0.0609],
        [0.8218, 0.1782],
        [0.9879, 0.0121],
        [0.9523, 0.0477],
        [0.4725, 0.5275],
        [0.9565, 0.0435],
        [0.7798, 0.2202],
        [0.9333, 0.0667]], grad_fn=<SoftmaxBackward0>)
2 fold | 0 epoch | y_true : [0 1 0 1 0 0 1 0 0 0 0 0 0 0 1]
2 fold | 0 epoch | y_pred : [0 0 0 0 0 0 0 0 0 0 0 1 0 0 0]
train loss : 1729.5350194470636 , val loss : 7.2014336585998535
CV: 002, Epoch: 001, Val Loss: 7.20143, Val BAC: 0.50000, Test BAC: 0.45455, TEST SEN: 0.00000, TEST SPE: 0.90909
2 fold | 1 epoch | predict_prob : tensor([[1.4415e-05, 9.9999e-01],
        [8.2186e-04, 9.9918e-01],
        [2.3464e-03, 9.9765e-01],
        [1.3455e-03, 9.9865e-01],
        [8.7391e-04, 9.9913e-01],
        [6.3759e-03, 9.9362e-01],
        [4.0572e-04, 9.9959e-01],
        [8.0382e-03, 9.9196e-01],
        [3.8491e-05, 9.9996e-01],
        [4.8466e-04, 9.9952e-01],
        [1.1939e-04, 9.9988e-01],
        [5.4244e-03, 9.9458e-01],
        [1.5730e-05, 9.9998e-01],
        [2.3734e-03, 9.9763e-01],
        [3.7108e-03, 9.9629e-01]], grad_fn=<SoftmaxBackward0>)
2 fold | 1 epoch | y_true : [1 0 0 0 0 1 0 1 0 1 0 1 0 0 0]
2 fold | 1 epoch | y_pred : [1 1 1 1 1 1 1 1 1 1 1 1 1 1 1]
2 fold | 1 epoch | predict_prob : tensor([[1.4650e-05, 9.9999e-01],
        [5.6676e-04, 9.9943e-01],
        [9.4725e-06, 9.9999e-01],
        [2.3147e-03, 9.9769e-01],
        [6.0081e-03, 9.9399e-01],
        [1.1173e-06, 1.0000e+00],
        [2.1746e-05, 9.9998e-01],
        [5.2379e-06, 9.9999e-01],
        [3.0256e-05, 9.9997e-01],
        [1.3660e-03, 9.9863e-01],
        [2.9220e-05, 9.9997e-01],
        [1.3241e-03, 9.9868e-01],
        [8.3172e-04, 9.9917e-01],
        [5.8688e-05, 9.9994e-01],
        [4.6119e-05, 9.9995e-01]], grad_fn=<SoftmaxBackward0>)
2 fold | 1 epoch | y_true : [0 1 0 0 0 0 1 1 0 0 1 0 0 0 0]
2 fold | 1 epoch | y_pred : [1 1 1 1 1 1 1 1 1 1 1 1 1 1 1]
train loss : 100.38681924754175 , val loss : 24.036861419677734
=============== 3 fold ===============
3 fold | 0 epoch | predict_prob : tensor([[5.4719e-03, 9.9453e-01],
        [2.6434e-02, 9.7357e-01],
        [1.1459e-02, 9.8854e-01],
        [3.9655e-03, 9.9603e-01],
        [1.5074e-02, 9.8493e-01],
        [4.8627e-04, 9.9951e-01],
        [9.7372e-05, 9.9990e-01],
        [4.7596e-03, 9.9524e-01],
        [7.4907e-03, 9.9251e-01],
        [1.7839e-02, 9.8216e-01],
        [3.6466e-03, 9.9635e-01],
        [4.6779e-03, 9.9532e-01],
        [2.0533e-02, 9.7947e-01],
        [6.3898e-03, 9.9361e-01],
        [2.6752e-02, 9.7325e-01]], grad_fn=<SoftmaxBackward0>)
3 fold | 0 epoch | y_true : [1 0 1 1 0 0 0 0 0 0 0 0 1 0 0]
3 fold | 0 epoch | y_pred : [1 1 1 1 1 1 1 1 1 1 1 1 1 1 1]
3 fold | 0 epoch | predict_prob : tensor([[1.4621e-02, 9.8538e-01],
        [7.6772e-03, 9.9232e-01],
        [1.9439e-04, 9.9981e-01],
        [1.0837e-01, 8.9163e-01],
        [7.3741e-04, 9.9926e-01],
        [1.3738e-02, 9.8626e-01],
        [3.6121e-05, 9.9996e-01],
        [7.5132e-03, 9.9249e-01],
        [1.3845e-02, 9.8616e-01],
        [1.9968e-02, 9.8003e-01],
        [2.6707e-02, 9.7329e-01],
        [1.1412e-03, 9.9886e-01],
        [2.3779e-02, 9.7622e-01],
        [7.3706e-04, 9.9926e-01],
        [1.3893e-02, 9.8611e-01]], grad_fn=<SoftmaxBackward0>)
3 fold | 0 epoch | y_true : [0 1 0 1 1 0 1 0 0 0 0 0 0 0 1]
3 fold | 0 epoch | y_pred : [1 1 1 1 1 1 1 1 1 1 1 1 1 1 1]
train loss : 1836.5129891757308 , val loss : 18.24640655517578
CV: 003, Epoch: 001, Val Loss: 18.24641, Val BAC: 0.50000, Test BAC: 0.50000, TEST SEN: 1.00000, TEST SPE: 0.00000
3 fold | 1 epoch | predict_prob : tensor([[2.6014e-02, 9.7399e-01],
        [2.1680e-02, 9.7832e-01],
        [7.0685e-03, 9.9293e-01],
        [5.8002e-03, 9.9420e-01],
        [1.4304e-02, 9.8570e-01],
        [2.2362e-02, 9.7764e-01],
        [3.4645e-03, 9.9654e-01],
        [3.2845e-02, 9.6715e-01],
        [3.8920e-03, 9.9611e-01],
        [7.8006e-05, 9.9992e-01],
        [2.9419e-02, 9.7058e-01],
        [5.2858e-02, 9.4714e-01],
        [7.9168e-03, 9.9208e-01],
        [2.5414e-02, 9.7459e-01],
        [2.5047e-02, 9.7495e-01]], grad_fn=<SoftmaxBackward0>)
3 fold | 1 epoch | y_true : [1 0 0 0 0 0 0 1 0 0 0 0 1 0 1]
3 fold | 1 epoch | y_pred : [1 1 1 1 1 1 1 1 1 1 1 1 1 1 1]
3 fold | 1 epoch | predict_prob : tensor([[3.9407e-02, 9.6059e-01],
        [1.9161e-01, 8.0839e-01],
        [1.7440e-02, 9.8256e-01],
        [3.6164e-03, 9.9638e-01],
        [3.4405e-03, 9.9656e-01],
        [6.2574e-02, 9.3743e-01],
        [2.1573e-02, 9.7843e-01],
        [2.5075e-04, 9.9975e-01],
        [3.4593e-02, 9.6541e-01],
        [1.6140e-03, 9.9839e-01],
        [1.2212e-02, 9.8779e-01],
        [1.7935e-03, 9.9821e-01],
        [2.2044e-02, 9.7796e-01],
        [5.8658e-02, 9.4134e-01],
        [3.4550e-02, 9.6545e-01]], grad_fn=<SoftmaxBackward0>)
3 fold | 1 epoch | y_true : [0 1 0 0 0 0 1 1 0 1 1 0 0 0 0]
3 fold | 1 epoch | y_pred : [1 1 1 1 1 1 1 1 1 1 1 1 1 1 1]
train loss : 68.3694963126347 , val loss : 12.736593246459961
CV: 003, Epoch: 002, Val Loss: 12.73659, Val BAC: 0.50000, Test BAC: 0.50000, TEST SEN: 1.00000, TEST SPE: 0.00000
=============== 4 fold ===============
4 fold | 0 epoch | predict_prob : tensor([[1.0000e+00, 3.3194e-09],
        [9.9616e-01, 3.8408e-03],
        [9.9993e-01, 6.7325e-05],
        [1.0000e+00, 6.8675e-07],
        [1.0000e+00, 1.3577e-08],
        [1.0000e+00, 1.3741e-06],
        [9.9995e-01, 5.2611e-05],
        [9.9992e-01, 8.0002e-05],
        [1.0000e+00, 6.3904e-10],
        [9.9991e-01, 9.2332e-05],
        [1.0000e+00, 7.7807e-08],
        [1.0000e+00, 3.0403e-07],
        [9.9997e-01, 2.9192e-05],
        [9.9999e-01, 5.3861e-06],
        [9.9994e-01, 6.2858e-05]], grad_fn=<SoftmaxBackward0>)
4 fold | 0 epoch | y_true : [0 1 0 0 1 0 0 0 0 0 1 0 0 0 1]
4 fold | 0 epoch | y_pred : [0 0 0 0 0 0 0 0 0 0 0 0 0 0 0]
4 fold | 0 epoch | predict_prob : tensor([[1.0000e+00, 2.8866e-09],
        [9.9999e-01, 6.9890e-06],
        [1.0000e+00, 3.3979e-06],
        [9.9993e-01, 7.1740e-05],
        [1.0000e+00, 1.0289e-06],
        [9.9999e-01, 7.4410e-06],
        [1.0000e+00, 2.1195e-11],
        [9.9997e-01, 3.3303e-05],
        [1.0000e+00, 6.4628e-07],
        [9.9999e-01, 8.1417e-06],
        [9.9999e-01, 6.8927e-06],
        [1.0000e+00, 4.2501e-08],
        [1.0000e+00, 1.2138e-06],
        [1.0000e+00, 2.2193e-06],
        [1.0000e+00, 5.9092e-07]], grad_fn=<SoftmaxBackward0>)
4 fold | 0 epoch | y_true : [0 1 0 1 1 0 1 0 0 0 0 0 0 0 1]
4 fold | 0 epoch | y_pred : [0 0 0 0 0 0 0 0 0 0 0 0 0 0 0]
train loss : 2205.714062920932 , val loss : 35.56603240966797
CV: 004, Epoch: 001, Val Loss: 35.56603, Val BAC: 0.50000, Test BAC: 0.50000, TEST SEN: 0.00000, TEST SPE: 1.00000
4 fold | 1 epoch | predict_prob : tensor([[0.1660, 0.8340],
        [0.1347, 0.8653],
        [0.1866, 0.8134],
        [0.1152, 0.8848],
        [0.0335, 0.9665],
        [0.0592, 0.9408],
        [0.0965, 0.9035],
        [0.1549, 0.8451],
        [0.0718, 0.9282],
        [0.1150, 0.8850],
        [0.1731, 0.8269],
        [0.2626, 0.7374],
        [0.1013, 0.8987],
        [0.2365, 0.7635],
        [0.0365, 0.9635]], grad_fn=<SoftmaxBackward0>)
4 fold | 1 epoch | y_true : [0 0 0 0 0 1 0 0 1 0 1 1 0 0 0]
4 fold | 1 epoch | y_pred : [1 1 1 1 1 1 1 1 1 1 1 1 1 1 1]
4 fold | 1 epoch | predict_prob : tensor([[0.1432, 0.8568],
        [0.2087, 0.7913],
        [0.1781, 0.8219],
        [0.0668, 0.9332],
        [0.0995, 0.9005],
        [0.0679, 0.9321],
        [0.1085, 0.8915],
        [0.0240, 0.9760],
        [0.1429, 0.8571],
        [0.1275, 0.8725],
        [0.1209, 0.8791],
        [0.1332, 0.8668],
        [0.1275, 0.8725],
        [0.1578, 0.8422],
        [0.1172, 0.8828]], grad_fn=<SoftmaxBackward0>)
4 fold | 1 epoch | y_true : [0 1 0 0 0 0 1 1 0 1 1 0 0 0 0]
4 fold | 1 epoch | y_pred : [1 1 1 1 1 1 1 1 1 1 1 1 1 1 1]
train loss : 230.67702490707924 , val loss : 6.252201557159424
CV: 004, Epoch: 002, Val Loss: 6.25220, Val BAC: 0.50000, Test BAC: 0.50000, TEST SEN: 1.00000, TEST SPE: 0.00000
=============== 5 fold ===============
5 fold | 0 epoch | predict_prob : tensor([[0.9908, 0.0092],
        [0.8506, 0.1494],
        [0.8973, 0.1027],
        [0.9268, 0.0732],
        [0.8884, 0.1116],
        [0.9837, 0.0163],
        [0.9742, 0.0258],
        [0.9782, 0.0218],
        [0.7969, 0.2031],
        [0.9136, 0.0864],
        [0.9697, 0.0303],
        [0.9396, 0.0604],
        [0.7589, 0.2411],
        [0.9302, 0.0698],
        [0.9622, 0.0378]], grad_fn=<SoftmaxBackward0>)
5 fold | 0 epoch | y_true : [0 0 1 1 0 0 1 0 1 0 0 0 0 0 0]
5 fold | 0 epoch | y_pred : [0 0 0 0 0 0 0 0 0 0 0 0 0 0 0]
5 fold | 0 epoch | predict_prob : tensor([[0.9835, 0.0165],
        [0.9924, 0.0076],
        [0.9516, 0.0484],
        [0.9952, 0.0048],
        [0.9414, 0.0586],
        [0.9914, 0.0086],
        [0.9688, 0.0312],
        [0.9092, 0.0908],
        [0.9940, 0.0060],
        [0.8506, 0.1494],
        [0.9364, 0.0636],
        [0.9769, 0.0231],
        [0.9503, 0.0497],
        [0.9951, 0.0049],
        [0.9812, 0.0188]], grad_fn=<SoftmaxBackward0>)
5 fold | 0 epoch | y_true : [0 1 0 1 1 0 1 0 0 0 0 0 0 0 1]
5 fold | 0 epoch | y_pred : [0 0 0 0 0 0 0 0 0 0 0 0 0 0 0]
train loss : 1947.539652331122 , val loss : 2.0372023582458496
CV: 005, Epoch: 001, Val Loss: 2.03720, Val BAC: 0.50000, Test BAC: 0.50000, TEST SEN: 0.00000, TEST SPE: 1.00000
5 fold | 1 epoch | predict_prob : tensor([[1.1848e-03, 9.9882e-01],
        [6.5117e-05, 9.9993e-01],
        [2.0959e-04, 9.9979e-01],
        [1.0028e-04, 9.9990e-01],
        [7.4225e-04, 9.9926e-01],
        [6.3186e-04, 9.9937e-01],
        [3.0552e-08, 1.0000e+00],
        [1.8861e-04, 9.9981e-01],
        [5.0973e-07, 1.0000e+00],
        [6.3778e-05, 9.9994e-01],
        [3.6203e-06, 1.0000e+00],
        [5.1864e-05, 9.9995e-01],
        [9.1274e-04, 9.9909e-01],
        [1.0278e-04, 9.9990e-01],
        [1.2748e-06, 1.0000e+00]], grad_fn=<SoftmaxBackward0>)
5 fold | 1 epoch | y_true : [1 0 0 0 1 0 0 0 0 1 0 0 1 0 0]
5 fold | 1 epoch | y_pred : [1 1 1 1 1 1 1 1 1 1 1 1 1 1 1]
5 fold | 1 epoch | predict_prob : tensor([[1.7351e-04, 9.9983e-01],
        [7.2123e-07, 1.0000e+00],
        [2.5926e-07, 1.0000e+00],
        [1.2723e-07, 1.0000e+00],
        [3.7245e-07, 1.0000e+00],
        [3.4477e-06, 1.0000e+00],
        [2.9600e-05, 9.9997e-01],
        [8.1326e-05, 9.9992e-01],
        [3.5877e-04, 9.9964e-01],
        [1.3965e-05, 9.9999e-01],
        [5.1279e-09, 1.0000e+00],
        [1.2127e-04, 9.9988e-01],
        [3.5556e-06, 1.0000e+00],
        [1.3651e-04, 9.9986e-01],
        [3.6054e-05, 9.9996e-01]], grad_fn=<SoftmaxBackward0>)
5 fold | 1 epoch | y_true : [0 1 0 0 0 0 1 1 0 1 1 0 0 0 0]
5 fold | 1 epoch | y_pred : [1 1 1 1 1 1 1 1 1 1 1 1 1 1 1]
train loss : 57.84810349036907 , val loss : 36.17799758911133
=============== 6 fold ===============
6 fold | 0 epoch | predict_prob : tensor([[1.8204e-14, 1.0000e+00],
        [3.4016e-13, 1.0000e+00],
        [1.3657e-15, 1.0000e+00],
        [1.8016e-20, 1.0000e+00],
        [1.9997e-21, 1.0000e+00],
        [1.1715e-15, 1.0000e+00],
        [4.8896e-11, 1.0000e+00],
        [8.0164e-23, 1.0000e+00],
        [9.1405e-23, 1.0000e+00],
        [1.4242e-25, 1.0000e+00],
        [1.7086e-10, 1.0000e+00],
        [1.5279e-14, 1.0000e+00],
        [1.7016e-18, 1.0000e+00],
        [3.3418e-12, 1.0000e+00],
        [7.6946e-14, 1.0000e+00]], grad_fn=<SoftmaxBackward0>)
6 fold | 0 epoch | y_true : [0 0 0 1 0 0 0 1 0 1 0 0 0 0 1]
6 fold | 0 epoch | y_pred : [1 1 1 1 1 1 1 1 1 1 1 1 1 1 1]
6 fold | 0 epoch | predict_prob : tensor([[1.3397e-21, 1.0000e+00],
        [8.1122e-12, 1.0000e+00],
        [3.7043e-15, 1.0000e+00],
        [1.7823e-11, 1.0000e+00],
        [1.4560e-11, 1.0000e+00],
        [9.6704e-13, 1.0000e+00],
        [1.0498e-24, 1.0000e+00],
        [1.8978e-07, 1.0000e+00],
        [1.3892e-20, 1.0000e+00],
        [1.5807e-12, 1.0000e+00],
        [1.5010e-19, 1.0000e+00],
        [1.0967e-12, 1.0000e+00],
        [6.8491e-10, 1.0000e+00],
        [3.1651e-15, 1.0000e+00],
        [7.7751e-25, 1.0000e+00]], grad_fn=<SoftmaxBackward0>)
6 fold | 0 epoch | y_true : [0 1 0 1 1 0 1 0 0 0 0 0 0 0 1]
6 fold | 0 epoch | y_pred : [1 1 1 1 1 1 1 1 1 1 1 1 1 1 1]
train loss : 1056.1730444020238 , val loss : 104.63529968261719
CV: 006, Epoch: 001, Val Loss: 104.63530, Val BAC: 0.50000, Test BAC: 0.50000, TEST SEN: 1.00000, TEST SPE: 0.00000
6 fold | 1 epoch | predict_prob : tensor([[1.0000e+00, 4.6644e-06],
        [9.9982e-01, 1.7844e-04],
        [1.0000e+00, 6.3319e-09],
        [1.0000e+00, 4.5930e-06],
        [1.0000e+00, 1.2368e-08],
        [1.0000e+00, 4.2277e-08],
        [1.0000e+00, 1.4523e-06],
        [1.0000e+00, 1.6622e-07],
        [9.9975e-01, 2.4648e-04],
        [9.9982e-01, 1.8421e-04],
        [9.9998e-01, 1.5898e-05],
        [9.9999e-01, 9.9516e-06],
        [1.0000e+00, 4.2379e-08],
        [1.0000e+00, 1.3442e-09],
        [9.9997e-01, 2.7579e-05]], grad_fn=<SoftmaxBackward0>)
6 fold | 1 epoch | y_true : [0 0 1 0 0 0 0 0 0 0 1 0 1 1 0]
6 fold | 1 epoch | y_pred : [0 0 0 0 0 0 0 0 0 0 0 0 0 0 0]
6 fold | 1 epoch | predict_prob : tensor([[9.9996e-01, 3.7985e-05],
        [9.9995e-01, 5.2516e-05],
        [9.9997e-01, 2.8822e-05],
        [9.9988e-01, 1.2259e-04],
        [1.0000e+00, 3.6585e-06],
        [1.0000e+00, 1.3990e-08],
        [1.0000e+00, 8.5431e-10],
        [1.0000e+00, 1.9248e-09],
        [9.9140e-01, 8.5998e-03],
        [9.9996e-01, 4.2094e-05],
        [9.9988e-01, 1.1904e-04],
        [1.0000e+00, 2.0824e-06],
        [1.0000e+00, 4.9974e-08],
        [9.9965e-01, 3.5148e-04],
        [1.0000e+00, 1.3235e-07]], grad_fn=<SoftmaxBackward0>)
6 fold | 1 epoch | y_true : [0 1 0 0 0 0 1 1 0 1 1 0 0 0 0]
6 fold | 1 epoch | y_pred : [0 0 0 0 0 0 0 0 0 0 0 0 0 0 0]
train loss : 219.17130516315328 , val loss : 41.007911682128906
CV: 006, Epoch: 002, Val Loss: 41.00791, Val BAC: 0.50000, Test BAC: 0.50000, TEST SEN: 0.00000, TEST SPE: 1.00000
=============== 7 fold ===============
7 fold | 0 epoch | predict_prob : tensor([[1.0000e+00, 1.0420e-07],
        [1.0000e+00, 1.3643e-06],
        [1.0000e+00, 8.3198e-07],
        [1.0000e+00, 1.9875e-06],
        [1.0000e+00, 1.1601e-06],
        [1.0000e+00, 6.1294e-09],
        [1.0000e+00, 2.7750e-07],
        [1.0000e+00, 4.4864e-11],
        [1.0000e+00, 1.1582e-09],
        [9.9998e-01, 1.8888e-05],
        [1.0000e+00, 1.4307e-08],
        [1.0000e+00, 2.0877e-09],
        [1.0000e+00, 1.9368e-07],
        [9.9999e-01, 8.6325e-06],
        [9.9824e-01, 1.7557e-03]], grad_fn=<SoftmaxBackward0>)
7 fold | 0 epoch | y_true : [0 1 0 0 0 0 0 0 0 1 1 0 1 0 1]
7 fold | 0 epoch | y_pred : [0 0 0 0 0 0 0 0 0 0 0 0 0 0 0]
7 fold | 0 epoch | predict_prob : tensor([[1.0000e+00, 2.8234e-11],
        [9.9999e-01, 6.6516e-06],
        [9.9823e-01, 1.7740e-03],
        [1.0000e+00, 5.0413e-07],
        [1.0000e+00, 9.6264e-10],
        [1.0000e+00, 6.8316e-11],
        [1.0000e+00, 1.7256e-09],
        [9.9994e-01, 5.8445e-05],
        [1.0000e+00, 4.5959e-08],
        [1.0000e+00, 1.1298e-07],
        [1.0000e+00, 1.9692e-11],
        [9.9999e-01, 5.2173e-06],
        [1.0000e+00, 2.4623e-10],
        [1.0000e+00, 2.0436e-06]], grad_fn=<SoftmaxBackward0>)
7 fold | 0 epoch | y_true : [0 0 1 0 0 0 1 0 1 0 1 0 0 0]
7 fold | 0 epoch | y_pred : [0 0 0 0 0 0 0 0 0 0 0 0 0 0]
train loss : 1425.7066415640024 , val loss : 45.0567512512207
CV: 007, Epoch: 001, Val Loss: 45.05675, Val BAC: 0.50000, Test BAC: 0.50000, TEST SEN: 0.00000, TEST SPE: 1.00000
7 fold | 1 epoch | predict_prob : tensor([[0.0760, 0.9240],
        [0.0392, 0.9608],
        [0.2378, 0.7622],
        [0.0440, 0.9560],
        [0.0958, 0.9042],
        [0.0221, 0.9779],
        [0.0633, 0.9367],
        [0.0767, 0.9233],
        [0.0173, 0.9827],
        [0.0235, 0.9765],
        [0.0557, 0.9443],
        [0.0672, 0.9328],
        [0.1159, 0.8841],
        [0.0896, 0.9104],
        [0.0863, 0.9137]], grad_fn=<SoftmaxBackward0>)
7 fold | 1 epoch | y_true : [1 1 1 0 0 0 0 1 0 0 0 0 1 0 0]
7 fold | 1 epoch | y_pred : [1 1 1 1 1 1 1 1 1 1 1 1 1 1 1]
7 fold | 1 epoch | predict_prob : tensor([[0.0530, 0.9470],
        [0.1033, 0.8967],
        [0.0444, 0.9556],
        [0.2033, 0.7967],
        [0.0160, 0.9840],
        [0.0866, 0.9134],
        [0.0257, 0.9743],
        [0.1058, 0.8942],
        [0.0201, 0.9799],
        [0.0900, 0.9100],
        [0.0154, 0.9846],
        [0.0178, 0.9822],
        [0.0220, 0.9780],
        [0.0491, 0.9509]], grad_fn=<SoftmaxBackward0>)
7 fold | 1 epoch | y_true : [1 0 0 1 0 0 0 0 0 0 1 1 0 0]
7 fold | 1 epoch | y_pred : [1 1 1 1 1 1 1 1 1 1 1 1 1 1]
train loss : 206.71050767001944 , val loss : 8.50966739654541
CV: 007, Epoch: 002, Val Loss: 8.50967, Val BAC: 0.50000, Test BAC: 0.50000, TEST SEN: 1.00000, TEST SPE: 0.00000
=============== 8 fold ===============
8 fold | 0 epoch | predict_prob : tensor([[9.9990e-01, 1.0236e-04],
        [9.9969e-01, 3.0748e-04],
        [9.9989e-01, 1.0775e-04],
        [9.9989e-01, 1.1494e-04],
        [9.9747e-01, 2.5305e-03],
        [1.0000e+00, 3.5014e-06],
        [9.9939e-01, 6.0819e-04],
        [9.9995e-01, 5.3143e-05],
        [9.9999e-01, 9.5402e-06],
        [1.0000e+00, 2.1789e-07],
        [1.0000e+00, 7.4637e-07],
        [9.9957e-01, 4.2560e-04],
        [1.0000e+00, 1.3875e-06],
        [9.9928e-01, 7.1755e-04],
        [9.9967e-01, 3.3084e-04]], grad_fn=<SoftmaxBackward0>)
8 fold | 0 epoch | y_true : [0 0 0 1 1 1 0 0 0 1 0 0 0 0 1]
8 fold | 0 epoch | y_pred : [0 0 0 0 0 0 0 0 0 0 0 0 0 0 0]
8 fold | 0 epoch | predict_prob : tensor([[9.9978e-01, 2.1540e-04],
        [9.9979e-01, 2.1122e-04],
        [9.9939e-01, 6.1342e-04],
        [9.9990e-01, 1.0021e-04],
        [9.9999e-01, 1.4822e-05],
        [1.0000e+00, 3.6833e-06],
        [9.9997e-01, 2.7257e-05],
        [9.9998e-01, 1.7611e-05],
        [9.9144e-01, 8.5618e-03],
        [9.9993e-01, 7.4686e-05],
        [9.9950e-01, 5.0109e-04],
        [9.9966e-01, 3.3994e-04],
        [9.9986e-01, 1.4047e-04],
        [9.9958e-01, 4.1670e-04]], grad_fn=<SoftmaxBackward0>)
8 fold | 0 epoch | y_true : [0 0 1 0 0 0 1 0 1 0 1 0 0 0]
8 fold | 0 epoch | y_pred : [0 0 0 0 0 0 0 0 0 0 0 0 0 0]
train loss : 2176.9365114391358 , val loss : 31.30735969543457
CV: 008, Epoch: 001, Val Loss: 31.30736, Val BAC: 0.50000, Test BAC: 0.50000, TEST SEN: 0.00000, TEST SPE: 1.00000
8 fold | 1 epoch | predict_prob : tensor([[1.4036e-04, 9.9986e-01],
        [5.1971e-07, 1.0000e+00],
        [7.8282e-05, 9.9992e-01],
        [1.3515e-06, 1.0000e+00],
        [2.1517e-03, 9.9785e-01],
        [2.8040e-06, 1.0000e+00],
        [4.5012e-04, 9.9955e-01],
        [1.2561e-06, 1.0000e+00],
        [6.9467e-05, 9.9993e-01],
        [3.8267e-04, 9.9962e-01],
        [3.9032e-05, 9.9996e-01],
        [5.0400e-05, 9.9995e-01],
        [3.1761e-08, 1.0000e+00],
        [2.4089e-04, 9.9976e-01],
        [5.5578e-05, 9.9994e-01]], grad_fn=<SoftmaxBackward0>)
8 fold | 1 epoch | y_true : [0 0 1 1 1 0 0 0 0 0 0 0 1 0 1]
8 fold | 1 epoch | y_pred : [1 1 1 1 1 1 1 1 1 1 1 1 1 1 1]
8 fold | 1 epoch | predict_prob : tensor([[8.0326e-04, 9.9920e-01],
        [1.0830e-06, 1.0000e+00],
        [5.4045e-05, 9.9995e-01],
        [3.2894e-04, 9.9967e-01],
        [4.1497e-07, 1.0000e+00],
        [1.8777e-04, 9.9981e-01],
        [8.8470e-06, 9.9999e-01],
        [2.3579e-05, 9.9998e-01],
        [4.0178e-05, 9.9996e-01],
        [3.0427e-04, 9.9970e-01],
        [1.1604e-04, 9.9988e-01],
        [6.1757e-06, 9.9999e-01],
        [1.0233e-06, 1.0000e+00],
        [3.5355e-05, 9.9996e-01]], grad_fn=<SoftmaxBackward0>)
8 fold | 1 epoch | y_true : [1 0 0 1 0 0 0 0 0 0 1 1 0 0]
8 fold | 1 epoch | y_pred : [1 1 1 1 1 1 1 1 1 1 1 1 1 1]
train loss : 113.73952756376347 , val loss : 28.7885684967041
CV: 008, Epoch: 002, Val Loss: 28.78857, Val BAC: 0.50000, Test BAC: 0.50000, TEST SEN: 1.00000, TEST SPE: 0.00000
=============== 9 fold ===============
9 fold | 0 epoch | predict_prob : tensor([[1.0000e+00, 2.8476e-11],
        [1.0000e+00, 2.6544e-10],
        [1.0000e+00, 2.0610e-11],
        [1.0000e+00, 5.7637e-07],
        [1.0000e+00, 9.7642e-10],
        [1.0000e+00, 2.7663e-06],
        [1.0000e+00, 2.9348e-07],
        [1.0000e+00, 1.8605e-12],
        [9.9841e-01, 1.5915e-03],
        [9.9999e-01, 9.1990e-06],
        [1.0000e+00, 3.4243e-07],
        [1.0000e+00, 1.9282e-10],
        [9.9998e-01, 2.2762e-05],
        [1.0000e+00, 2.3584e-06],
        [1.0000e+00, 2.8302e-10]], grad_fn=<SoftmaxBackward0>)
9 fold | 0 epoch | y_true : [0 1 1 0 0 0 0 0 1 0 1 0 1 0 0]
9 fold | 0 epoch | y_pred : [0 0 0 0 0 0 0 0 0 0 0 0 0 0 0]
9 fold | 0 epoch | predict_prob : tensor([[1.0000e+00, 3.1487e-07],
        [1.0000e+00, 1.3830e-07],
        [9.9997e-01, 2.8401e-05],
        [1.0000e+00, 4.0232e-09],
        [1.0000e+00, 5.8034e-07],
        [1.0000e+00, 4.4041e-11],
        [9.9999e-01, 1.4233e-05],
        [9.9999e-01, 7.9551e-06],
        [1.0000e+00, 3.0625e-06],
        [1.0000e+00, 9.5972e-08],
        [1.0000e+00, 2.0699e-09],
        [1.0000e+00, 1.1709e-15],
        [1.0000e+00, 8.5105e-09],
        [1.0000e+00, 4.4600e-06]], grad_fn=<SoftmaxBackward0>)
9 fold | 0 epoch | y_true : [0 0 1 0 0 0 1 0 1 0 1 0 0 0]
9 fold | 0 epoch | y_pred : [0 0 0 0 0 0 0 0 0 0 0 0 0 0]
train loss : 2356.8011344192373 , val loss : 48.3502197265625
CV: 009, Epoch: 001, Val Loss: 48.35022, Val BAC: 0.50000, Test BAC: 0.50000, TEST SEN: 0.00000, TEST SPE: 1.00000
9 fold | 1 epoch | predict_prob : tensor([[4.5203e-04, 9.9955e-01],
        [5.6369e-03, 9.9436e-01],
        [4.3933e-04, 9.9956e-01],
        [1.0667e-02, 9.8933e-01],
        [1.1142e-03, 9.9889e-01],
        [6.6696e-02, 9.3330e-01],
        [6.2606e-03, 9.9374e-01],
        [1.9085e-02, 9.8091e-01],
        [1.4241e-04, 9.9986e-01],
        [7.0383e-04, 9.9930e-01],
        [2.9175e-04, 9.9971e-01],
        [2.8071e-04, 9.9972e-01],
        [1.4705e-02, 9.8530e-01],
        [8.8249e-03, 9.9118e-01],
        [4.1676e-03, 9.9583e-01]], grad_fn=<SoftmaxBackward0>)
9 fold | 1 epoch | y_true : [1 1 0 0 0 1 0 1 0 0 0 1 0 0 0]
9 fold | 1 epoch | y_pred : [1 1 1 1 1 1 1 1 1 1 1 1 1 1 1]
9 fold | 1 epoch | predict_prob : tensor([[1.4400e-02, 9.8560e-01],
        [1.4005e-02, 9.8600e-01],
        [1.4405e-03, 9.9856e-01],
        [1.7454e-02, 9.8255e-01],
        [6.6201e-03, 9.9338e-01],
        [9.9002e-03, 9.9010e-01],
        [7.0818e-03, 9.9292e-01],
        [2.9496e-03, 9.9705e-01],
        [1.9174e-03, 9.9808e-01],
        [9.2329e-08, 1.0000e+00],
        [8.5914e-04, 9.9914e-01],
        [1.8787e-02, 9.8121e-01],
        [3.6502e-04, 9.9963e-01],
        [2.9097e-03, 9.9709e-01]], grad_fn=<SoftmaxBackward0>)
9 fold | 1 epoch | y_true : [1 0 0 1 0 0 0 0 0 0 1 1 0 0]
9 fold | 1 epoch | y_pred : [1 1 1 1 1 1 1 1 1 1 1 1 1 1]
train loss : 214.2679914816832 , val loss : 18.613868713378906
CV: 009, Epoch: 002, Val Loss: 18.61387, Val BAC: 0.50000, Test BAC: 0.50000, TEST SEN: 1.00000, TEST SPE: 0.00000
=============== 10 fold ===============
10 fold | 0 epoch | predict_prob : tensor([[1.0000e+00, 2.9728e-08],
        [1.0000e+00, 4.2752e-08],
        [1.0000e+00, 1.1682e-07],
        [1.0000e+00, 7.5161e-07],
        [1.0000e+00, 4.6318e-07],
        [1.0000e+00, 4.4913e-08],
        [1.0000e+00, 1.5766e-12],
        [1.0000e+00, 9.8906e-08],
        [1.0000e+00, 4.3597e-08],
        [1.0000e+00, 1.0116e-06],
        [1.0000e+00, 4.7333e-06],
        [1.0000e+00, 1.2061e-06],
        [1.0000e+00, 3.6126e-07],
        [1.0000e+00, 2.3984e-07],
        [1.0000e+00, 3.1428e-07]], grad_fn=<SoftmaxBackward0>)
10 fold | 0 epoch | y_true : [0 0 0 1 0 0 1 1 0 1 0 0 1 0 0]
10 fold | 0 epoch | y_pred : [0 0 0 0 0 0 0 0 0 0 0 0 0 0 0]
10 fold | 0 epoch | predict_prob : tensor([[1.0000e+00, 1.9530e-08],
        [9.9998e-01, 1.9356e-05],
        [1.0000e+00, 1.0134e-10],
        [1.0000e+00, 3.0222e-08],
        [1.0000e+00, 1.6751e-08],
        [1.0000e+00, 1.4161e-12],
        [1.0000e+00, 5.1826e-09],
        [1.0000e+00, 5.8360e-07],
        [1.0000e+00, 3.9216e-07],
        [9.9999e-01, 1.1254e-05],
        [9.9999e-01, 1.0323e-05],
        [1.0000e+00, 1.6750e-09],
        [1.0000e+00, 3.3206e-06],
        [1.0000e+00, 5.4393e-11]], grad_fn=<SoftmaxBackward0>)
10 fold | 0 epoch | y_true : [0 0 1 0 0 0 1 0 1 0 1 0 0 0]
10 fold | 0 epoch | y_pred : [0 0 0 0 0 0 0 0 0 0 0 0 0 0]
train loss : 1228.9754889072517 , val loss : 58.137813568115234
CV: 010, Epoch: 001, Val Loss: 58.13781, Val BAC: 0.50000, Test BAC: 0.50000, TEST SEN: 0.00000, TEST SPE: 1.00000
10 fold | 1 epoch | predict_prob : tensor([[0.4848, 0.5152],
        [0.4104, 0.5896],
        [0.4417, 0.5583],
        [0.4432, 0.5568],
        [0.4575, 0.5425],
        [0.4956, 0.5044],
        [0.6244, 0.3756],
        [0.4917, 0.5083],
        [0.4801, 0.5199],
        [0.4368, 0.5632],
        [0.4814, 0.5186],
        [0.5541, 0.4459],
        [0.4212, 0.5788],
        [0.5372, 0.4628],
        [0.4644, 0.5356]], grad_fn=<SoftmaxBackward0>)
10 fold | 1 epoch | y_true : [0 0 0 0 0 0 1 1 1 0 0 0 1 0 1]
10 fold | 1 epoch | y_pred : [1 1 1 1 1 1 0 1 1 1 1 0 1 0 1]
10 fold | 1 epoch | predict_prob : tensor([[0.4246, 0.5754],
        [0.4394, 0.5606],
        [0.5063, 0.4937],
        [0.4944, 0.5056],
        [0.5169, 0.4831],
        [0.4819, 0.5181],
        [0.4546, 0.5454],
        [0.4434, 0.5566],
        [0.4974, 0.5026],
        [0.4490, 0.5510],
        [0.4354, 0.5646],
        [0.4341, 0.5659],
        [0.5202, 0.4798],
        [0.4430, 0.5570]], grad_fn=<SoftmaxBackward0>)
10 fold | 1 epoch | y_true : [1 0 0 1 0 0 0 0 0 0 1 1 0 0]
10 fold | 1 epoch | y_pred : [1 1 0 1 0 1 1 1 1 1 1 1 0 1]
train loss : 176.3014536474505 , val loss : 1.1792223453521729
CV: 010, Epoch: 002, Val Loss: 1.17922, Val BAC: 0.50000, Test BAC: 0.65000, TEST SEN: 1.00000, TEST SPE: 0.30000
         SEN       SPE       BAC
Fold_01  1.0  0.000000  0.500000
Fold_02  0.0  0.909091  0.454545
Fold_03  1.0  0.000000  0.500000
Fold_04  1.0  0.000000  0.500000
Fold_05  0.0  1.000000  0.500000
Fold_06  0.0  1.000000  0.500000
Fold_07  1.0  0.000000  0.500000
Fold_08  1.0  0.000000  0.500000
Fold_09  1.0  0.000000  0.500000
Fold_10  1.0  0.300000  0.650000
Average Sensitivity: 0.7000+-0.4583
Average Specificity: 0.3209+-0.4344
Average Balanced Accuracy: 0.5105+-0.0484
total loss : [{'epoch': [0, 1], 't_loss': [2445.588679346545, 278.7574979847875], 'tt_loss': [59.20548629760742, 1.7469635009765625]}, {'epoch': [0, 1], 't_loss': [1729.5350194470636, 100.38681924754175], 'tt_loss': [7.2014336585998535, 24.036861419677734]}, {'epoch': [0, 1], 't_loss': [1836.5129891757308, 68.3694963126347], 'tt_loss': [18.24640655517578, 12.736593246459961]}, {'epoch': [0, 1], 't_loss': [2205.714062920932, 230.67702490707924], 'tt_loss': [35.56603240966797, 6.252201557159424]}, {'epoch': [0, 1], 't_loss': [1947.539652331122, 57.84810349036907], 'tt_loss': [2.0372023582458496, 36.17799758911133]}, {'epoch': [0, 1], 't_loss': [1056.1730444020238, 219.17130516315328], 'tt_loss': [104.63529968261719, 41.007911682128906]}, {'epoch': [0, 1], 't_loss': [1425.7066415640024, 206.71050767001944], 'tt_loss': [45.0567512512207, 8.50966739654541]}, {'epoch': [0, 1], 't_loss': [2176.9365114391358, 113.73952756376347], 'tt_loss': [31.30735969543457, 28.7885684967041]}, {'epoch': [0, 1], 't_loss': [2356.8011344192373, 214.2679914816832], 'tt_loss': [48.3502197265625, 18.613868713378906]}, {'epoch': [0, 1], 't_loss': [1228.9754889072517, 176.3014536474505], 'tt_loss': [58.137813568115234, 1.1792223453521729]}]
avg loss : {'epoch': [0, 1], 'training_loss': array([1840.9483224 ,  166.62297275]), 'test(val)_loss': array([40.97440052, 17.90498559])}
total sen : [{'epoch': [0, 1], 't_sen': [0.49122807017543857, 0.03076923076923077], 'tt_sen': [0.0, 1.0]}, {'epoch': [0, 1], 't_sen': [0.5, 0.03571428571428571], 'tt_sen': [0.0, 1.0]}, {'epoch': [0, 1], 't_sen': [0.5441176470588235, 0.43103448275862066], 'tt_sen': [1.0, 1.0]}, {'epoch': [0, 1], 't_sen': [0.5161290322580645, 0.3770491803278688], 'tt_sen': [0.0, 1.0]}, {'epoch': [0, 1], 't_sen': [0.4909090909090909, 0.45614035087719296], 'tt_sen': [0.0, 1.0]}, {'epoch': [0, 1], 't_sen': [0.5689655172413793, 1.0], 'tt_sen': [1.0, 0.0]}, {'epoch': [0, 1], 't_sen': [0.625, 0.3492063492063492], 'tt_sen': [0.0, 1.0]}, {'epoch': [0, 1], 't_sen': [0.5166666666666667, 0.13793103448275862], 'tt_sen': [0.0, 1.0]}, {'epoch': [0, 1], 't_sen': [0.515625, 0.4576271186440678], 'tt_sen': [0.0, 1.0]}, {'epoch': [0, 1], 't_sen': [0.64, 0.46296296296296297], 'tt_sen': [0.0, 1.0]}]
avg sen : {'epoch': [0, 1], 'training_sen': array([0.5408641, 0.3738435]), 'test(val)_sen': array([0.2, 0.9])}
total spe : [{'epoch': [0, 1], 't_spe': [0.3898305084745763, 1.0], 'tt_spe': [1.0, 0.0]}, {'epoch': [0, 1], 't_spe': [0.4, 1.0], 'tt_spe': [0.9090909090909091, 0.0]}, {'epoch': [0, 1], 't_spe': [0.4375, 0.3275862068965517], 'tt_spe': [0.0, 0.0]}, {'epoch': [0, 1], 't_spe': [0.4074074074074074, 0.4727272727272727], 'tt_spe': [1.0, 0.0]}, {'epoch': [0, 1], 't_spe': [0.39344262295081966, 0.559322033898305], 'tt_spe': [1.0, 0.0]}, {'epoch': [0, 1], 't_spe': [0.46551724137931033, 0.0], 'tt_spe': [0.0, 1.0]}, {'epoch': [0, 1], 't_spe': [0.5245901639344263, 0.7407407407407407], 'tt_spe': [1.0, 0.0]}, {'epoch': [0, 1], 't_spe': [0.42105263157894735, 0.864406779661017], 'tt_spe': [1.0, 0.0]}, {'epoch': [0, 1], 't_spe': [0.41509433962264153, 0.5517241379310345], 'tt_spe': [1.0, 0.0]}, {'epoch': [0, 1], 't_spe': [0.5223880597014925, 0.5555555555555556], 'tt_spe': [1.0, 0.3]}]
avg spe : {'epoch': [0, 1], 'training_spe': array([0.4376823 , 0.60720627]), 'test(val)_spe': array([0.79090909, 0.13      ])}
total bac : [{'epoch': [0, 1], 't_bac': [0.44052928932500746, 0.5153846153846153], 'tt_bac': [0.5, 0.5]}, {'epoch': [0, 1], 't_bac': [0.45, 0.5178571428571429], 'tt_bac': [0.45454545454545453, 0.5]}, {'epoch': [0, 1], 't_bac': [0.49080882352941174, 0.3793103448275862], 'tt_bac': [0.5, 0.5]}, {'epoch': [0, 1], 't_bac': [0.46176821983273597, 0.42488822652757074], 'tt_bac': [0.5, 0.5]}, {'epoch': [0, 1], 't_bac': [0.4421758569299553, 0.507731192387749], 'tt_bac': [0.5, 0.5]}, {'epoch': [0, 1], 't_bac': [0.5172413793103449, 0.5], 'tt_bac': [0.5, 0.5]}, {'epoch': [0, 1], 't_bac': [0.5747950819672132, 0.5449735449735449], 'tt_bac': [0.5, 0.5]}, {'epoch': [0, 1], 't_bac': [0.46885964912280703, 0.5011689070718878], 'tt_bac': [0.5, 0.5]}, {'epoch': [0, 1], 't_bac': [0.46535966981132076, 0.5046756282875511], 'tt_bac': [0.5, 0.5]}, {'epoch': [0, 1], 't_bac': [0.5811940298507463, 0.5092592592592593], 'tt_bac': [0.5, 0.65]}]
avg bac : {'epoch': [0, 1], 'training_bac': array([0.4892732 , 0.49052489]), 'test(val)_bac': array([0.49545455, 0.515     ])}
