FCGraphDataset(146)
=========================================
Data(x=[164, 164], edge_index=[2, 2084], edge_attr=[2084], y=[1])
=========================================
=============== 1 fold ===============
1 fold | 0 epoch | predict_prob : tensor([[1.0000e+00, 2.2240e-10],
        [1.0000e+00, 2.5188e-12],
        [1.0000e+00, 5.1930e-11],
        [1.0000e+00, 1.0207e-08],
        [1.0000e+00, 6.5951e-08],
        [1.0000e+00, 3.3858e-11],
        [1.0000e+00, 3.2929e-12],
        [1.0000e+00, 1.3896e-09],
        [1.0000e+00, 5.2773e-15],
        [1.0000e+00, 2.1603e-17],
        [1.0000e+00, 6.9935e-11],
        [1.0000e+00, 1.6807e-14],
        [1.0000e+00, 4.3716e-09],
        [1.0000e+00, 1.4118e-12],
        [1.0000e+00, 4.0190e-07]], grad_fn=<SoftmaxBackward0>)
1 fold | 0 epoch | y_true : [1 0 0 0 0 1 0 0 1 0 1 0 1 0 0]
1 fold | 0 epoch | y_pred : [0 0 0 0 0 0 0 0 0 0 0 0 0 0 0]
1 fold | 0 epoch | predict_prob : tensor([[1.0000e+00, 1.3405e-06],
        [9.9991e-01, 9.1964e-05],
        [1.0000e+00, 5.1416e-07],
        [1.0000e+00, 1.2877e-08],
        [1.0000e+00, 3.5506e-13],
        [1.0000e+00, 8.6894e-07],
        [9.9996e-01, 4.1779e-05],
        [1.0000e+00, 1.4646e-08],
        [1.0000e+00, 4.2105e-08],
        [1.0000e+00, 7.6694e-08],
        [9.9999e-01, 6.1612e-06],
        [1.0000e+00, 5.7607e-12],
        [1.0000e+00, 1.1049e-15],
        [1.0000e+00, 2.1229e-08],
        [1.0000e+00, 1.1963e-07]], grad_fn=<SoftmaxBackward0>)
1 fold | 0 epoch | y_true : [0 1 0 1 0 0 1 0 0 0 0 0 0 0 1]
1 fold | 0 epoch | y_pred : [0 0 0 0 0 0 0 0 0 0 0 0 0 0 0]
train loss : 116.1771732198781 , val loss : 11.691229820251465
CV: 001, Epoch: 001, Val Loss: 11.69123, Val BAC: 0.50000, Test BAC: 0.50000, TEST SEN: 0.00000, TEST SPE: 1.00000
1 fold | 1 epoch | predict_prob : tensor([[8.8885e-03, 9.9111e-01],
        [4.6942e-03, 9.9531e-01],
        [2.5016e-02, 9.7498e-01],
        [4.6836e-03, 9.9532e-01],
        [1.4332e-03, 9.9857e-01],
        [3.1543e-02, 9.6846e-01],
        [8.1230e-03, 9.9188e-01],
        [3.0693e-02, 9.6931e-01],
        [9.0345e-03, 9.9097e-01],
        [5.6358e-03, 9.9436e-01],
        [4.7089e-02, 9.5291e-01],
        [7.2416e-03, 9.9276e-01],
        [3.4788e-02, 9.6521e-01],
        [2.4642e-06, 1.0000e+00],
        [1.3408e-02, 9.8659e-01]], grad_fn=<SoftmaxBackward0>)
1 fold | 1 epoch | y_true : [0 0 0 0 1 0 1 1 1 0 0 0 0 0 1]
1 fold | 1 epoch | y_pred : [1 1 1 1 1 1 1 1 1 1 1 1 1 1 1]
1 fold | 1 epoch | predict_prob : tensor([[0.0494, 0.9506],
        [0.0378, 0.9622],
        [0.0447, 0.9553],
        [0.0066, 0.9934],
        [0.0373, 0.9627],
        [0.0618, 0.9382],
        [0.0579, 0.9421],
        [0.1606, 0.8394],
        [0.0335, 0.9665],
        [0.0068, 0.9932],
        [0.1232, 0.8768],
        [0.0596, 0.9404],
        [0.0436, 0.9564],
        [0.0018, 0.9982],
        [0.0828, 0.9172]], grad_fn=<SoftmaxBackward0>)
1 fold | 1 epoch | y_true : [0 1 0 0 0 0 1 1 0 0 1 0 0 0 0]
1 fold | 1 epoch | y_pred : [1 1 1 1 1 1 1 1 1 1 1 1 1 1 1]
train loss : 7.885509610176086 , val loss : 2.7126920223236084
CV: 001, Epoch: 002, Val Loss: 2.71269, Val BAC: 0.50000, Test BAC: 0.50000, TEST SEN: 1.00000, TEST SPE: 0.00000
1 fold | 2 epoch | predict_prob : tensor([[4.6793e-03, 9.9532e-01],
        [1.4205e-02, 9.8579e-01],
        [1.3703e-09, 1.0000e+00],
        [5.4420e-02, 9.4558e-01],
        [2.0609e-02, 9.7939e-01],
        [1.1554e-02, 9.8845e-01],
        [5.0041e-02, 9.4996e-01],
        [2.7998e-02, 9.7200e-01],
        [1.9429e-02, 9.8057e-01],
        [1.5742e-02, 9.8426e-01],
        [6.6466e-02, 9.3353e-01],
        [6.0059e-02, 9.3994e-01],
        [3.8306e-02, 9.6169e-01],
        [1.9147e-02, 9.8085e-01],
        [9.8116e-03, 9.9019e-01]], grad_fn=<SoftmaxBackward0>)
1 fold | 2 epoch | y_true : [1 0 0 0 0 0 1 1 1 0 0 0 0 1 0]
1 fold | 2 epoch | y_pred : [1 1 1 1 1 1 1 1 1 1 1 1 1 1 1]
1 fold | 2 epoch | predict_prob : tensor([[0.1683, 0.8317],
        [0.0556, 0.9444],
        [0.0051, 0.9949],
        [0.0155, 0.9845],
        [0.0772, 0.9228],
        [0.0146, 0.9854],
        [0.1141, 0.8859],
        [0.0592, 0.9408],
        [0.0909, 0.9091],
        [0.0964, 0.9036],
        [0.0697, 0.9303],
        [0.0882, 0.9118],
        [0.0720, 0.9280],
        [0.0556, 0.9444],
        [0.1961, 0.8039]], grad_fn=<SoftmaxBackward0>)
1 fold | 2 epoch | y_true : [1 1 0 0 0 0 0 0 0 0 0 1 0 0 1]
1 fold | 2 epoch | y_pred : [1 1 1 1 1 1 1 1 1 1 1 1 1 1 1]
train loss : 1.330204828032132 , val loss : 2.793901205062866
1 fold | 3 epoch | predict_prob : tensor([[2.0323e-01, 7.9677e-01],
        [2.2227e-01, 7.7773e-01],
        [1.5751e-01, 8.4249e-01],
        [2.3541e-01, 7.6459e-01],
        [1.4273e-01, 8.5727e-01],
        [1.7328e-01, 8.2672e-01],
        [1.1959e-01, 8.8041e-01],
        [8.9469e-02, 9.1053e-01],
        [1.2654e-01, 8.7346e-01],
        [2.3666e-01, 7.6334e-01],
        [2.1672e-01, 7.8328e-01],
        [1.5420e-01, 8.4580e-01],
        [1.5473e-01, 8.4527e-01],
        [4.0623e-10, 1.0000e+00],
        [1.4027e-01, 8.5973e-01]], grad_fn=<SoftmaxBackward0>)
1 fold | 3 epoch | y_true : [0 0 0 0 0 1 0 1 0 0 1 1 1 0 0]
1 fold | 3 epoch | y_pred : [1 1 1 1 1 1 1 1 1 1 1 1 1 1 1]
1 fold | 3 epoch | predict_prob : tensor([[0.2247, 0.7753],
        [0.2642, 0.7358],
        [0.2637, 0.7363],
        [0.1435, 0.8565],
        [0.3457, 0.6543],
        [0.1417, 0.8583],
        [0.2477, 0.7523],
        [0.2509, 0.7491],
        [0.2440, 0.7560],
        [0.2281, 0.7719],
        [0.0926, 0.9074],
        [0.2877, 0.7123],
        [0.2258, 0.7742],
        [0.3360, 0.6640],
        [0.2778, 0.7222]], grad_fn=<SoftmaxBackward0>)
1 fold | 3 epoch | y_true : [0 1 0 0 1 0 0 0 0 0 0 0 1 1 0]
1 fold | 3 epoch | y_pred : [1 1 1 1 1 1 1 1 1 1 1 1 1 1 1]
train loss : 0.8609040893357376 , val loss : 2.0368316173553467
CV: 001, Epoch: 004, Val Loss: 2.03683, Val BAC: 0.50000, Test BAC: 0.50000, TEST SEN: 1.00000, TEST SPE: 0.00000
1 fold | 4 epoch | predict_prob : tensor([[3.2168e-01, 6.7832e-01],
        [3.0365e-01, 6.9635e-01],
        [6.9346e-11, 1.0000e+00],
        [3.7346e-01, 6.2654e-01],
        [3.3834e-01, 6.6166e-01],
        [3.7516e-01, 6.2484e-01],
        [3.2776e-01, 6.7224e-01],
        [3.5701e-01, 6.4299e-01],
        [3.6727e-01, 6.3273e-01],
        [3.6491e-01, 6.3509e-01],
        [3.0785e-01, 6.9215e-01],
        [3.1871e-01, 6.8129e-01],
        [3.3005e-01, 6.6995e-01],
        [2.7665e-01, 7.2335e-01],
        [3.1977e-01, 6.8023e-01]], grad_fn=<SoftmaxBackward0>)
1 fold | 4 epoch | y_true : [1 0 0 0 1 0 1 0 0 1 0 0 0 1 0]
1 fold | 4 epoch | y_pred : [1 1 1 1 1 1 1 1 1 1 1 1 1 1 1]
1 fold | 4 epoch | predict_prob : tensor([[0.3954, 0.6046],
        [0.3698, 0.6302],
        [0.4237, 0.5763],
        [0.3785, 0.6215],
        [0.3678, 0.6322],
        [0.3981, 0.6019],
        [0.3822, 0.6178],
        [0.3786, 0.6214],
        [0.4182, 0.5818],
        [0.3206, 0.6794],
        [0.3861, 0.6139],
        [0.3210, 0.6790],
        [0.3883, 0.6117],
        [0.2810, 0.7190],
        [0.3670, 0.6330]], grad_fn=<SoftmaxBackward0>)
1 fold | 4 epoch | y_true : [0 1 1 0 0 0 0 0 1 0 0 0 1 0 0]
1 fold | 4 epoch | y_pred : [1 1 1 1 1 1 1 1 1 1 1 1 1 1 1]
train loss : 0.6316136800009629 , val loss : 1.9142389297485352
CV: 001, Epoch: 005, Val Loss: 1.91424, Val BAC: 0.50000, Test BAC: 0.50000, TEST SEN: 1.00000, TEST SPE: 0.00000
1 fold | 5 epoch | predict_prob : tensor([[4.2268e-01, 5.7732e-01],
        [3.6801e-01, 6.3199e-01],
        [3.9299e-01, 6.0701e-01],
        [4.1448e-01, 5.8552e-01],
        [3.9836e-01, 6.0164e-01],
        [3.8607e-01, 6.1393e-01],
        [3.9321e-01, 6.0679e-01],
        [1.4597e-10, 1.0000e+00],
        [3.9441e-01, 6.0559e-01],
        [4.0295e-01, 5.9705e-01],
        [3.8474e-01, 6.1526e-01],
        [3.9946e-01, 6.0054e-01],
        [4.2591e-01, 5.7409e-01],
        [4.2005e-01, 5.7995e-01],
        [4.1883e-01, 5.8117e-01]], grad_fn=<SoftmaxBackward0>)
1 fold | 5 epoch | y_true : [0 1 0 0 1 0 0 0 1 1 0 0 0 0 1]
1 fold | 5 epoch | y_pred : [1 1 1 1 1 1 1 1 1 1 1 1 1 1 1]
1 fold | 5 epoch | predict_prob : tensor([[0.4361, 0.5639],
        [0.3945, 0.6055],
        [0.4190, 0.5810],
        [0.3714, 0.6286],
        [0.4500, 0.5500],
        [0.4474, 0.5526],
        [0.4202, 0.5798],
        [0.4316, 0.5684],
        [0.4253, 0.5747],
        [0.4357, 0.5643],
        [0.4218, 0.5782],
        [0.4283, 0.5717],
        [0.4261, 0.5739],
        [0.4289, 0.5711],
        [0.3947, 0.6053]], grad_fn=<SoftmaxBackward0>)
1 fold | 5 epoch | y_true : [0 0 0 0 1 1 0 1 0 0 1 0 0 0 0]
1 fold | 5 epoch | y_pred : [1 1 1 1 1 1 1 1 1 1 1 1 1 1 1]
train loss : 0.6538180236158699 , val loss : 1.844910740852356
CV: 001, Epoch: 006, Val Loss: 1.84491, Val BAC: 0.50000, Test BAC: 0.50000, TEST SEN: 1.00000, TEST SPE: 0.00000
1 fold | 6 epoch | predict_prob : tensor([[4.3906e-01, 5.6094e-01],
        [4.2112e-01, 5.7888e-01],
        [4.2507e-01, 5.7493e-01],
        [4.2023e-01, 5.7977e-01],
        [4.2592e-01, 5.7408e-01],
        [4.1496e-01, 5.8504e-01],
        [4.4428e-01, 5.5572e-01],
        [4.0194e-01, 5.9806e-01],
        [7.4932e-10, 1.0000e+00],
        [4.3616e-01, 5.6384e-01],
        [4.2489e-01, 5.7511e-01],
        [4.4061e-01, 5.5939e-01],
        [4.1467e-01, 5.8533e-01],
        [4.3958e-01, 5.6042e-01],
        [4.2259e-01, 5.7741e-01]], grad_fn=<SoftmaxBackward0>)
1 fold | 6 epoch | y_true : [1 0 0 0 1 0 0 1 0 0 1 0 0 0 1]
1 fold | 6 epoch | y_pred : [1 1 1 1 1 1 1 1 1 1 1 1 1 1 1]
1 fold | 6 epoch | predict_prob : tensor([[0.4420, 0.5580],
        [0.4228, 0.5772],
        [0.4050, 0.5950],
        [0.4215, 0.5785],
        [0.4477, 0.5523],
        [0.4508, 0.5492],
        [0.4444, 0.5556],
        [0.4597, 0.5403],
        [0.4499, 0.5501],
        [0.4373, 0.5627],
        [0.4440, 0.5560],
        [0.4411, 0.5589],
        [0.4454, 0.5546],
        [0.4566, 0.5434],
        [0.4393, 0.5607]], grad_fn=<SoftmaxBackward0>)
1 fold | 6 epoch | y_true : [0 0 0 0 1 0 0 1 0 0 0 1 0 1 0]
1 fold | 6 epoch | y_pred : [1 1 1 1 1 1 1 1 1 1 1 1 1 1 1]
train loss : 0.6535020511725853 , val loss : 1.7538559436798096
CV: 001, Epoch: 007, Val Loss: 1.75386, Val BAC: 0.50000, Test BAC: 0.50000, TEST SEN: 1.00000, TEST SPE: 0.00000
1 fold | 7 epoch | predict_prob : tensor([[4.2740e-01, 5.7260e-01],
        [3.2442e-09, 1.0000e+00],
        [4.2405e-01, 5.7595e-01],
        [4.2330e-01, 5.7670e-01],
        [4.2871e-01, 5.7129e-01],
        [4.2418e-01, 5.7582e-01],
        [4.0642e-01, 5.9358e-01],
        [4.4228e-01, 5.5772e-01],
        [4.1766e-01, 5.8233e-01],
        [4.4188e-01, 5.5812e-01],
        [4.2836e-01, 5.7164e-01],
        [4.4228e-01, 5.5772e-01],
        [4.1964e-01, 5.8036e-01],
        [4.3772e-01, 5.6228e-01],
        [4.4749e-01, 5.5251e-01]], grad_fn=<SoftmaxBackward0>)
1 fold | 7 epoch | y_true : [1 0 1 0 0 0 1 0 0 1 1 0 0 0 0]
1 fold | 7 epoch | y_pred : [1 1 1 1 1 1 1 1 1 1 1 1 1 1 1]
1 fold | 7 epoch | predict_prob : tensor([[0.4502, 0.5498],
        [0.4105, 0.5895],
        [0.4514, 0.5486],
        [0.4254, 0.5746],
        [0.4451, 0.5549],
        [0.4468, 0.5532],
        [0.4564, 0.5436],
        [0.4533, 0.5467],
        [0.4382, 0.5618],
        [0.4430, 0.5570],
        [0.4610, 0.5390],
        [0.4442, 0.5558],
        [0.4271, 0.5729],
        [0.4479, 0.5521],
        [0.4416, 0.5584]], grad_fn=<SoftmaxBackward0>)
1 fold | 7 epoch | y_true : [1 0 0 0 0 0 1 0 0 0 1 1 0 0 0]
1 fold | 7 epoch | y_pred : [1 1 1 1 1 1 1 1 1 1 1 1 1 1 1]
train loss : 0.6344600895355488 , val loss : 1.6766619682312012
CV: 001, Epoch: 008, Val Loss: 1.67666, Val BAC: 0.50000, Test BAC: 0.50000, TEST SEN: 1.00000, TEST SPE: 0.00000
1 fold | 8 epoch | predict_prob : tensor([[4.1605e-01, 5.8395e-01],
        [1.9562e-07, 1.0000e+00],
        [4.4364e-01, 5.5636e-01],
        [4.2180e-01, 5.7820e-01],
        [4.1941e-01, 5.8059e-01],
        [4.3659e-01, 5.6341e-01],
        [4.3554e-01, 5.6446e-01],
        [4.1197e-01, 5.8803e-01],
        [4.0726e-01, 5.9274e-01],
        [4.1311e-01, 5.8689e-01],
        [3.9553e-01, 6.0447e-01],
        [4.1476e-01, 5.8524e-01],
        [4.3038e-01, 5.6962e-01],
        [4.3706e-01, 5.6294e-01],
        [4.1941e-01, 5.8059e-01]], grad_fn=<SoftmaxBackward0>)
1 fold | 8 epoch | y_true : [0 0 0 0 1 1 0 0 0 1 1 0 0 0 1]
1 fold | 8 epoch | y_pred : [1 1 1 1 1 1 1 1 1 1 1 1 1 1 1]
1 fold | 8 epoch | predict_prob : tensor([[0.4580, 0.5420],
        [0.4210, 0.5790],
        [0.4469, 0.5531],
        [0.4401, 0.5599],
        [0.4012, 0.5988],
        [0.4466, 0.5534],
        [0.4504, 0.5496],
        [0.4297, 0.5703],
        [0.4500, 0.5500],
        [0.4433, 0.5567],
        [0.4178, 0.5822],
        [0.4418, 0.5582],
        [0.4383, 0.5617],
        [0.4360, 0.5640],
        [0.4358, 0.5642]], grad_fn=<SoftmaxBackward0>)
1 fold | 8 epoch | y_true : [1 0 0 1 0 1 0 0 1 0 0 0 0 0 0]
1 fold | 8 epoch | y_pred : [1 1 1 1 1 1 1 1 1 1 1 1 1 1 1]
train loss : 0.6709943105434549 , val loss : 1.4640569686889648
CV: 001, Epoch: 009, Val Loss: 1.46406, Val BAC: 0.50000, Test BAC: 0.50000, TEST SEN: 1.00000, TEST SPE: 0.00000
1 fold | 9 epoch | predict_prob : tensor([[4.1953e-01, 5.8047e-01],
        [4.1084e-01, 5.8916e-01],
        [4.0584e-01, 5.9416e-01],
        [4.0170e-01, 5.9830e-01],
        [3.9713e-01, 6.0287e-01],
        [4.0001e-01, 6.0000e-01],
        [4.2511e-01, 5.7489e-01],
        [3.9120e-01, 6.0880e-01],
        [4.2899e-01, 5.7101e-01],
        [4.2808e-01, 5.7192e-01],
        [2.7586e-05, 9.9997e-01],
        [3.7911e-01, 6.2089e-01],
        [4.0339e-01, 5.9661e-01],
        [4.3705e-01, 5.6295e-01],
        [4.0708e-01, 5.9292e-01]], grad_fn=<SoftmaxBackward0>)
1 fold | 9 epoch | y_true : [0 0 1 0 1 0 0 0 0 1 0 1 0 0 1]
1 fold | 9 epoch | y_pred : [1 1 1 1 1 1 1 1 1 1 1 1 1 1 1]
1 fold | 9 epoch | predict_prob : tensor([[0.3866, 0.6134],
        [0.4419, 0.5581],
        [0.4054, 0.5946],
        [0.4360, 0.5640],
        [0.4250, 0.5750],
        [0.4462, 0.5538],
        [0.4166, 0.5834],
        [0.4111, 0.5889],
        [0.4282, 0.5718],
        [0.4334, 0.5666],
        [0.4276, 0.5724],
        [0.4343, 0.5657],
        [0.4402, 0.5598],
        [0.4410, 0.5590],
        [0.4541, 0.5459]], grad_fn=<SoftmaxBackward0>)
1 fold | 9 epoch | y_true : [0 1 0 0 0 0 0 0 0 1 0 0 0 1 1]
1 fold | 9 epoch | y_pred : [1 1 1 1 1 1 1 1 1 1 1 1 1 1 1]
train loss : 0.6738411393658869 , val loss : 1.2083873748779297
CV: 001, Epoch: 010, Val Loss: 1.20839, Val BAC: 0.50000, Test BAC: 0.50000, TEST SEN: 1.00000, TEST SPE: 0.00000
1 fold | 10 epoch | predict_prob : tensor([[0.3316, 0.6684],
        [0.3569, 0.6431],
        [0.4034, 0.5966],
        [0.3495, 0.6505],
        [0.3139, 0.6861],
        [0.3409, 0.6591],
        [0.3505, 0.6495],
        [0.3454, 0.6546],
        [0.3632, 0.6368],
        [0.3905, 0.6095],
        [0.0033, 0.9967],
        [0.3557, 0.6443],
        [0.3870, 0.6130],
        [0.3933, 0.6067],
        [0.3785, 0.6215]], grad_fn=<SoftmaxBackward0>)
1 fold | 10 epoch | y_true : [0 1 0 0 1 1 0 0 0 1 0 1 0 0 0]
1 fold | 10 epoch | y_pred : [1 1 1 1 1 1 1 1 1 1 1 1 1 1 1]
1 fold | 10 epoch | predict_prob : tensor([[0.4139, 0.5861],
        [0.3228, 0.6772],
        [0.3734, 0.6266],
        [0.4013, 0.5987],
        [0.3626, 0.6374],
        [0.4357, 0.5643],
        [0.4037, 0.5963],
        [0.4004, 0.5996],
        [0.3529, 0.6471],
        [0.4222, 0.5778],
        [0.3924, 0.6076],
        [0.3943, 0.6057],
        [0.4176, 0.5824],
        [0.4141, 0.5859],
        [0.3878, 0.6122]], grad_fn=<SoftmaxBackward0>)
1 fold | 10 epoch | y_true : [1 0 0 0 0 1 0 1 0 0 0 0 1 0 0]
1 fold | 10 epoch | y_pred : [1 1 1 1 1 1 1 1 1 1 1 1 1 1 1]
train loss : 0.6279306822809679 , val loss : 0.9751480221748352
CV: 001, Epoch: 011, Val Loss: 0.97515, Val BAC: 0.50000, Test BAC: 0.50000, TEST SEN: 1.00000, TEST SPE: 0.00000
1 fold | 11 epoch | predict_prob : tensor([[0.2401, 0.7599],
        [0.3271, 0.6729],
        [0.2797, 0.7203],
        [0.2556, 0.7444],
        [0.3441, 0.6559],
        [0.3112, 0.6888],
        [0.3246, 0.6754],
        [0.2162, 0.7838],
        [0.3333, 0.6667],
        [0.2854, 0.7146],
        [0.2666, 0.7334],
        [0.2655, 0.7345],
        [0.2579, 0.7421],
        [0.2739, 0.7261],
        [0.1254, 0.8746]], grad_fn=<SoftmaxBackward0>)
1 fold | 11 epoch | y_true : [0 1 1 1 0 0 0 1 0 0 0 0 0 1 0]
1 fold | 11 epoch | y_pred : [1 1 1 1 1 1 1 1 1 1 1 1 1 1 1]
1 fold | 11 epoch | predict_prob : tensor([[0.2818, 0.7182],
        [0.2681, 0.7319],
        [0.3428, 0.6572],
        [0.3396, 0.6604],
        [0.3046, 0.6954],
        [0.3276, 0.6724],
        [0.3668, 0.6332],
        [0.2249, 0.7751],
        [0.3807, 0.6193],
        [0.3478, 0.6522],
        [0.3338, 0.6662],
        [0.3455, 0.6545],
        [0.3804, 0.6196],
        [0.3706, 0.6294],
        [0.4057, 0.5943]], grad_fn=<SoftmaxBackward0>)
1 fold | 11 epoch | y_true : [0 0 1 0 0 0 1 0 1 0 0 0 0 0 1]
1 fold | 11 epoch | y_pred : [1 1 1 1 1 1 1 1 1 1 1 1 1 1 1]
train loss : 0.630154969363377 , val loss : 0.8395512700080872
CV: 001, Epoch: 012, Val Loss: 0.83955, Val BAC: 0.50000, Test BAC: 0.50000, TEST SEN: 1.00000, TEST SPE: 0.00000
1 fold | 12 epoch | predict_prob : tensor([[0.1724, 0.8276],
        [0.1926, 0.8074],
        [0.2708, 0.7292],
        [0.2190, 0.7810],
        [0.2920, 0.7080],
        [0.8308, 0.1692],
        [0.2556, 0.7444],
        [0.2102, 0.7898],
        [0.1905, 0.8095],
        [0.2826, 0.7174],
        [0.1486, 0.8514],
        [0.1996, 0.8004],
        [0.2241, 0.7759],
        [0.2031, 0.7969],
        [0.2737, 0.7263]], grad_fn=<SoftmaxBackward0>)
1 fold | 12 epoch | y_true : [0 0 0 1 0 0 0 1 1 0 1 0 0 0 1]
1 fold | 12 epoch | y_pred : [1 1 1 1 1 0 1 1 1 1 1 1 1 1 1]
1 fold | 12 epoch | predict_prob : tensor([[0.2934, 0.7066],
        [0.3337, 0.6663],
        [0.2855, 0.7145],
        [0.2934, 0.7066],
        [0.1560, 0.8440],
        [0.2765, 0.7235],
        [0.3491, 0.6509],
        [0.2018, 0.7982],
        [0.2976, 0.7024],
        [0.2465, 0.7535],
        [0.3265, 0.6735],
        [0.2991, 0.7009],
        [0.2184, 0.7816],
        [0.3444, 0.6556],
        [0.3794, 0.6206]], grad_fn=<SoftmaxBackward0>)
1 fold | 12 epoch | y_true : [1 0 0 0 0 0 1 0 0 0 1 0 0 0 1]
1 fold | 12 epoch | y_pred : [1 1 1 1 1 1 1 1 1 1 1 1 1 1 1]
train loss : 0.5994268306370439 , val loss : 0.8127962946891785
CV: 001, Epoch: 013, Val Loss: 0.81280, Val BAC: 0.55000, Test BAC: 0.50000, TEST SEN: 1.00000, TEST SPE: 0.00000
1 fold | 13 epoch | predict_prob : tensor([[0.2524, 0.7476],
        [0.2062, 0.7938],
        [0.3171, 0.6829],
        [0.2986, 0.7014],
        [0.2338, 0.7662],
        [0.9971, 0.0029],
        [0.2646, 0.7354],
        [0.2603, 0.7397],
        [0.3316, 0.6684],
        [0.3056, 0.6944],
        [0.2772, 0.7228],
        [0.2214, 0.7786],
        [0.3261, 0.6739],
        [0.2559, 0.7441],
        [0.2505, 0.7495]], grad_fn=<SoftmaxBackward0>)
1 fold | 13 epoch | y_true : [0 1 1 0 1 0 1 1 0 0 0 0 0 0 0]
1 fold | 13 epoch | y_pred : [1 1 1 1 1 0 1 1 1 1 1 1 1 1 1]
1 fold | 13 epoch | predict_prob : tensor([[0.2787, 0.7213],
        [0.3297, 0.6703],
        [0.3100, 0.6900],
        [0.3371, 0.6629],
        [0.3820, 0.6180],
        [0.3696, 0.6304],
        [0.3269, 0.6731],
        [0.2762, 0.7238],
        [0.3674, 0.6326],
        [0.2147, 0.7853],
        [0.4030, 0.5970],
        [0.3367, 0.6633],
        [0.2520, 0.7480],
        [0.3654, 0.6346],
        [0.3361, 0.6639]], grad_fn=<SoftmaxBackward0>)
1 fold | 13 epoch | y_true : [0 0 0 1 0 1 0 0 0 0 1 0 0 1 0]
1 fold | 13 epoch | y_pred : [1 1 1 1 1 1 1 1 1 1 1 1 1 1 1]
train loss : 0.6574479033207071 , val loss : 0.742884635925293
CV: 001, Epoch: 014, Val Loss: 0.74288, Val BAC: 0.55000, Test BAC: 0.50000, TEST SEN: 1.00000, TEST SPE: 0.00000
1 fold | 14 epoch | predict_prob : tensor([[4.1041e-01, 5.8959e-01],
        [3.9809e-01, 6.0191e-01],
        [3.9176e-01, 6.0824e-01],
        [4.2645e-01, 5.7355e-01],
        [4.0429e-01, 5.9571e-01],
        [3.8025e-01, 6.1975e-01],
        [4.2088e-01, 5.7912e-01],
        [3.5268e-01, 6.4732e-01],
        [1.0000e+00, 2.5122e-06],
        [3.6592e-01, 6.3408e-01],
        [4.2803e-01, 5.7197e-01],
        [3.7572e-01, 6.2428e-01],
        [3.8636e-01, 6.1364e-01],
        [4.1344e-01, 5.8656e-01],
        [3.9711e-01, 6.0289e-01]], grad_fn=<SoftmaxBackward0>)
1 fold | 14 epoch | y_true : [0 0 0 0 0 1 1 1 0 0 0 1 1 0 0]
1 fold | 14 epoch | y_pred : [1 1 1 1 1 1 1 1 0 1 1 1 1 1 1]
1 fold | 14 epoch | predict_prob : tensor([[0.4452, 0.5548],
        [0.4253, 0.5747],
        [0.4094, 0.5906],
        [0.4246, 0.5754],
        [0.3675, 0.6325],
        [0.4351, 0.5649],
        [0.4184, 0.5816],
        [0.3899, 0.6101],
        [0.4411, 0.5589],
        [0.4447, 0.5553],
        [0.4364, 0.5636],
        [0.4274, 0.5726],
        [0.4260, 0.5740],
        [0.3969, 0.6031],
        [0.3910, 0.6090]], grad_fn=<SoftmaxBackward0>)
1 fold | 14 epoch | y_true : [0 0 0 0 0 0 1 0 1 1 1 0 0 0 0]
1 fold | 14 epoch | y_pred : [1 1 1 1 1 1 1 1 1 1 1 1 1 1 1]
train loss : 0.6370809674263 , val loss : 0.6570135951042175
CV: 001, Epoch: 015, Val Loss: 0.65701, Val BAC: 0.55000, Test BAC: 0.50000, TEST SEN: 1.00000, TEST SPE: 0.00000
1 fold | 15 epoch | predict_prob : tensor([[4.0804e-01, 5.9196e-01],
        [3.8944e-01, 6.1056e-01],
        [4.3287e-01, 5.6713e-01],
        [4.3739e-01, 5.6261e-01],
        [3.7051e-01, 6.2949e-01],
        [4.1164e-01, 5.8836e-01],
        [4.1939e-01, 5.8061e-01],
        [4.3834e-01, 5.6166e-01],
        [4.2525e-01, 5.7475e-01],
        [4.0587e-01, 5.9413e-01],
        [3.8848e-01, 6.1152e-01],
        [4.1219e-01, 5.8781e-01],
        [1.0000e+00, 1.6563e-09],
        [4.3639e-01, 5.6361e-01],
        [4.2194e-01, 5.7806e-01]], grad_fn=<SoftmaxBackward0>)
1 fold | 15 epoch | y_true : [0 0 1 0 1 0 0 0 0 1 1 1 0 0 0]
1 fold | 15 epoch | y_pred : [1 1 1 1 1 1 1 1 1 1 1 1 0 1 1]
1 fold | 15 epoch | predict_prob : tensor([[0.4464, 0.5536],
        [0.4225, 0.5775],
        [0.4086, 0.5914],
        [0.4364, 0.5636],
        [0.3761, 0.6239],
        [0.4445, 0.5555],
        [0.4080, 0.5920],
        [0.4519, 0.5481],
        [0.4386, 0.5614],
        [0.4477, 0.5523],
        [0.4503, 0.5497],
        [0.4184, 0.5816],
        [0.4274, 0.5726],
        [0.4359, 0.5641],
        [0.4421, 0.5579]], grad_fn=<SoftmaxBackward0>)
1 fold | 15 epoch | y_true : [1 0 0 0 0 0 0 0 0 1 1 0 1 0 0]
1 fold | 15 epoch | y_pred : [1 1 1 1 1 1 1 1 1 1 1 1 1 1 1]
train loss : 0.6452054443030522 , val loss : 0.6524838805198669
CV: 001, Epoch: 016, Val Loss: 0.65248, Val BAC: 0.55000, Test BAC: 0.50000, TEST SEN: 1.00000, TEST SPE: 0.00000
1 fold | 16 epoch | predict_prob : tensor([[3.2635e-01, 6.7365e-01],
        [2.7968e-01, 7.2032e-01],
        [2.7385e-01, 7.2615e-01],
        [1.0000e+00, 6.4341e-12],
        [3.0687e-01, 6.9313e-01],
        [2.7836e-01, 7.2164e-01],
        [2.3605e-01, 7.6395e-01],
        [2.6068e-01, 7.3932e-01],
        [2.8027e-01, 7.1973e-01],
        [2.3616e-01, 7.6384e-01],
        [3.3884e-01, 6.6116e-01],
        [2.4456e-01, 7.5544e-01],
        [3.2823e-01, 6.7177e-01],
        [2.9832e-01, 7.0168e-01],
        [3.1088e-01, 6.8912e-01]], grad_fn=<SoftmaxBackward0>)
1 fold | 16 epoch | y_true : [1 0 1 0 0 0 1 0 1 0 0 1 0 0 0]
1 fold | 16 epoch | y_pred : [1 1 1 0 1 1 1 1 1 1 1 1 1 1 1]
1 fold | 16 epoch | predict_prob : tensor([[0.2971, 0.7029],
        [0.3471, 0.6529],
        [0.3860, 0.6140],
        [0.3148, 0.6852],
        [0.2364, 0.7636],
        [0.3404, 0.6596],
        [0.3473, 0.6527],
        [0.4135, 0.5865],
        [0.3395, 0.6605],
        [0.3963, 0.6037],
        [0.2568, 0.7432],
        [0.3510, 0.6490],
        [0.2748, 0.7252],
        [0.3804, 0.6196],
        [0.3814, 0.6186]], grad_fn=<SoftmaxBackward0>)
1 fold | 16 epoch | y_true : [0 1 0 0 0 0 0 1 0 0 0 0 0 1 1]
1 fold | 16 epoch | y_pred : [1 1 1 1 1 1 1 1 1 1 1 1 1 1 1]
train loss : 0.6016524351876358 , val loss : 0.7301677465438843
1 fold | 17 epoch | predict_prob : tensor([[2.4657e-01, 7.5343e-01],
        [2.0753e-01, 7.9247e-01],
        [1.8737e-01, 8.1263e-01],
        [1.8448e-01, 8.1552e-01],
        [1.0000e+00, 2.5248e-14],
        [2.4655e-01, 7.5345e-01],
        [2.3234e-01, 7.6766e-01],
        [1.3790e-01, 8.6210e-01],
        [1.7898e-01, 8.2102e-01],
        [2.6225e-01, 7.3775e-01],
        [1.9804e-01, 8.0195e-01],
        [1.6160e-01, 8.3840e-01],
        [2.3511e-01, 7.6489e-01],
        [1.6769e-01, 8.3231e-01],
        [1.4622e-01, 8.5378e-01]], grad_fn=<SoftmaxBackward0>)
1 fold | 17 epoch | y_true : [0 0 0 1 0 1 0 1 0 0 1 1 0 0 0]
1 fold | 17 epoch | y_pred : [1 1 1 1 0 1 1 1 1 1 1 1 1 1 1]
1 fold | 17 epoch | predict_prob : tensor([[0.3164, 0.6836],
        [0.2694, 0.7306],
        [0.3370, 0.6630],
        [0.2802, 0.7198],
        [0.1636, 0.8364],
        [0.2762, 0.7238],
        [0.1984, 0.8016],
        [0.3340, 0.6660],
        [0.1342, 0.8658],
        [0.2478, 0.7522],
        [0.2797, 0.7203],
        [0.2658, 0.7342],
        [0.3752, 0.6248],
        [0.3464, 0.6536],
        [0.2036, 0.7964]], grad_fn=<SoftmaxBackward0>)
1 fold | 17 epoch | y_true : [1 1 0 0 0 0 0 0 0 0 0 0 1 1 0]
1 fold | 17 epoch | y_pred : [1 1 1 1 1 1 1 1 1 1 1 1 1 1 1]
train loss : 0.6246703267097473 , val loss : 0.8441262245178223
1 fold | 18 epoch | predict_prob : tensor([[2.1891e-01, 7.8109e-01],
        [2.7478e-01, 7.2522e-01],
        [3.0040e-01, 6.9960e-01],
        [2.8850e-01, 7.1150e-01],
        [2.1286e-01, 7.8714e-01],
        [1.0000e+00, 1.1023e-14],
        [2.0856e-01, 7.9144e-01],
        [2.9407e-01, 7.0593e-01],
        [3.1635e-01, 6.8365e-01],
        [2.5592e-01, 7.4408e-01],
        [2.5833e-01, 7.4167e-01],
        [2.5327e-01, 7.4673e-01],
        [2.4653e-01, 7.5347e-01],
        [2.3068e-01, 7.6932e-01],
        [2.8275e-01, 7.1725e-01]], grad_fn=<SoftmaxBackward0>)
1 fold | 18 epoch | y_true : [1 0 1 0 1 0 0 0 0 0 1 0 1 0 0]
1 fold | 18 epoch | y_pred : [1 1 1 1 1 0 1 1 1 1 1 1 1 1 1]
1 fold | 18 epoch | predict_prob : tensor([[0.2685, 0.7315],
        [0.3240, 0.6760],
        [0.4047, 0.5953],
        [0.2940, 0.7060],
        [0.3638, 0.6362],
        [0.3270, 0.6730],
        [0.3122, 0.6878],
        [0.3266, 0.6734],
        [0.3811, 0.6189],
        [0.2240, 0.7760],
        [0.2481, 0.7519],
        [0.3365, 0.6635],
        [0.3768, 0.6232],
        [0.2046, 0.7954],
        [0.3772, 0.6228]], grad_fn=<SoftmaxBackward0>)
1 fold | 18 epoch | y_true : [0 1 1 0 1 0 0 0 0 0 0 0 0 0 1]
1 fold | 18 epoch | y_pred : [1 1 1 1 1 1 1 1 1 1 1 1 1 1 1]
train loss : 0.6019191659730057 , val loss : 0.7581177353858948
1 fold | 19 epoch | predict_prob : tensor([[3.2710e-01, 6.7290e-01],
        [1.0000e+00, 1.5468e-14],
        [3.6528e-01, 6.3472e-01],
        [3.8892e-01, 6.1108e-01],
        [3.7437e-01, 6.2563e-01],
        [3.6056e-01, 6.3944e-01],
        [3.0702e-01, 6.9298e-01],
        [3.3630e-01, 6.6370e-01],
        [3.6622e-01, 6.3378e-01],
        [3.0306e-01, 6.9694e-01],
        [3.5653e-01, 6.4347e-01],
        [3.4730e-01, 6.5270e-01],
        [3.4432e-01, 6.5568e-01],
        [3.2856e-01, 6.7144e-01],
        [3.7128e-01, 6.2872e-01]], grad_fn=<SoftmaxBackward0>)
1 fold | 19 epoch | y_true : [0 0 0 0 1 0 0 1 0 1 0 0 1 1 0]
1 fold | 19 epoch | y_pred : [1 0 1 1 1 1 1 1 1 1 1 1 1 1 1]
1 fold | 19 epoch | predict_prob : tensor([[0.3932, 0.6068],
        [0.4418, 0.5582],
        [0.3971, 0.6029],
        [0.3225, 0.6775],
        [0.3751, 0.6249],
        [0.4291, 0.5709],
        [0.4371, 0.5629],
        [0.3074, 0.6926],
        [0.3868, 0.6132],
        [0.4089, 0.5911],
        [0.4146, 0.5854],
        [0.3169, 0.6831],
        [0.3721, 0.6279],
        [0.3557, 0.6443],
        [0.4239, 0.5761]], grad_fn=<SoftmaxBackward0>)
1 fold | 19 epoch | y_true : [0 1 1 0 0 0 0 0 0 0 1 0 0 0 1]
1 fold | 19 epoch | y_pred : [1 1 1 1 1 1 1 1 1 1 1 1 1 1 1]
train loss : 0.6076764114971819 , val loss : 0.6843357086181641
1 fold | 20 epoch | predict_prob : tensor([[4.8921e-01, 5.1079e-01],
        [4.5565e-01, 5.4435e-01],
        [4.2575e-01, 5.7425e-01],
        [4.4529e-01, 5.5471e-01],
        [4.7061e-01, 5.2939e-01],
        [1.0000e+00, 2.1903e-14],
        [4.7345e-01, 5.2655e-01],
        [3.9738e-01, 6.0262e-01],
        [4.0800e-01, 5.9200e-01],
        [4.2819e-01, 5.7181e-01],
        [3.8280e-01, 6.1720e-01],
        [4.0864e-01, 5.9136e-01],
        [4.3184e-01, 5.6816e-01],
        [4.5186e-01, 5.4814e-01],
        [4.7101e-01, 5.2899e-01]], grad_fn=<SoftmaxBackward0>)
1 fold | 20 epoch | y_true : [0 0 0 0 0 0 1 1 0 0 1 0 1 1 0]
1 fold | 20 epoch | y_pred : [1 1 1 1 1 0 1 1 1 1 1 1 1 1 1]
1 fold | 20 epoch | predict_prob : tensor([[0.4928, 0.5072],
        [0.4823, 0.5177],
        [0.4617, 0.5383],
        [0.3616, 0.6384],
        [0.4926, 0.5074],
        [0.4742, 0.5258],
        [0.4151, 0.5849],
        [0.4378, 0.5622],
        [0.4138, 0.5862],
        [0.4550, 0.5450],
        [0.4910, 0.5090],
        [0.4838, 0.5162],
        [0.4524, 0.5476],
        [0.4659, 0.5341],
        [0.4835, 0.5165]], grad_fn=<SoftmaxBackward0>)
1 fold | 20 epoch | y_true : [0 0 1 0 0 1 0 0 0 0 1 0 0 0 1]
1 fold | 20 epoch | y_pred : [1 1 1 1 1 1 1 1 1 1 1 1 1 1 1]
train loss : 0.6000981289764931 , val loss : 0.6486809849739075
CV: 001, Epoch: 021, Val Loss: 0.64868, Val BAC: 0.55000, Test BAC: 0.50000, TEST SEN: 1.00000, TEST SPE: 0.00000
1 fold | 21 epoch | predict_prob : tensor([[3.6131e-01, 6.3869e-01],
        [3.4239e-01, 6.5761e-01],
        [3.9211e-01, 6.0789e-01],
        [4.1440e-01, 5.8560e-01],
        [3.5061e-01, 6.4939e-01],
        [3.9859e-01, 6.0141e-01],
        [3.7260e-01, 6.2740e-01],
        [3.9753e-01, 6.0247e-01],
        [4.1274e-01, 5.8726e-01],
        [3.2856e-01, 6.7144e-01],
        [3.9489e-01, 6.0511e-01],
        [3.7627e-01, 6.2373e-01],
        [1.0000e+00, 3.2367e-16],
        [3.6470e-01, 6.3530e-01],
        [4.1492e-01, 5.8508e-01]], grad_fn=<SoftmaxBackward0>)
1 fold | 21 epoch | y_true : [0 0 0 0 1 0 0 1 0 1 1 1 0 0 0]
1 fold | 21 epoch | y_pred : [1 1 1 1 1 1 1 1 1 1 1 1 0 1 1]
1 fold | 21 epoch | predict_prob : tensor([[0.4254, 0.5746],
        [0.4717, 0.5283],
        [0.4129, 0.5871],
        [0.3698, 0.6302],
        [0.3153, 0.6847],
        [0.3901, 0.6099],
        [0.4588, 0.5412],
        [0.4867, 0.5133],
        [0.3462, 0.6538],
        [0.4096, 0.5904],
        [0.4179, 0.5821],
        [0.4841, 0.5159],
        [0.4352, 0.5648],
        [0.3739, 0.6261],
        [0.4471, 0.5529]], grad_fn=<SoftmaxBackward0>)
1 fold | 21 epoch | y_true : [1 0 0 0 0 0 1 0 0 0 0 1 1 0 0]
1 fold | 21 epoch | y_pred : [1 1 1 1 1 1 1 1 1 1 1 1 1 1 1]
train loss : 0.6128244934410885 , val loss : 0.6685013771057129
1 fold | 22 epoch | predict_prob : tensor([[2.9947e-01, 7.0053e-01],
        [2.5845e-01, 7.4155e-01],
        [2.3681e-01, 7.6319e-01],
        [3.0458e-01, 6.9542e-01],
        [2.9397e-01, 7.0603e-01],
        [2.7196e-01, 7.2804e-01],
        [2.1368e-01, 7.8632e-01],
        [1.0000e+00, 1.1259e-18],
        [2.1335e-01, 7.8665e-01],
        [2.5025e-01, 7.4975e-01],
        [2.7331e-01, 7.2669e-01],
        [2.8505e-01, 7.1495e-01],
        [2.7088e-01, 7.2912e-01],
        [3.3201e-01, 6.6799e-01],
        [3.0571e-01, 6.9429e-01]], grad_fn=<SoftmaxBackward0>)
1 fold | 22 epoch | y_true : [0 1 0 1 0 0 0 0 1 1 0 0 1 0 0]
1 fold | 22 epoch | y_pred : [1 1 1 1 1 1 1 0 1 1 1 1 1 1 1]
1 fold | 22 epoch | predict_prob : tensor([[0.2169, 0.7831],
        [0.4180, 0.5820],
        [0.2253, 0.7747],
        [0.3435, 0.6565],
        [0.3405, 0.6595],
        [0.2883, 0.7117],
        [0.4155, 0.5845],
        [0.3018, 0.6982],
        [0.2964, 0.7036],
        [0.3937, 0.6063],
        [0.4002, 0.5998],
        [0.2199, 0.7801],
        [0.3754, 0.6246],
        [0.3429, 0.6571],
        [0.4397, 0.5603]], grad_fn=<SoftmaxBackward0>)
1 fold | 22 epoch | y_true : [0 0 0 1 0 0 0 0 0 1 1 0 0 0 1]
1 fold | 22 epoch | y_pred : [1 1 1 1 1 1 1 1 1 1 1 1 1 1 1]
train loss : 0.5632579306076313 , val loss : 0.7456910610198975
1 fold | 23 epoch | predict_prob : tensor([[2.6515e-01, 7.3485e-01],
        [3.0155e-01, 6.9845e-01],
        [1.0000e+00, 3.8338e-21],
        [3.0485e-01, 6.9515e-01],
        [3.3622e-01, 6.6378e-01],
        [2.9037e-01, 7.0963e-01],
        [3.1207e-01, 6.8793e-01],
        [2.7287e-01, 7.2713e-01],
        [2.6655e-01, 7.3345e-01],
        [2.3414e-01, 7.6586e-01],
        [3.0176e-01, 6.9824e-01],
        [2.6271e-01, 7.3729e-01],
        [2.7011e-01, 7.2989e-01],
        [2.1322e-01, 7.8678e-01],
        [2.1086e-01, 7.8914e-01]], grad_fn=<SoftmaxBackward0>)
1 fold | 23 epoch | y_true : [0 0 0 1 0 0 0 1 1 0 0 1 0 1 0]
1 fold | 23 epoch | y_pred : [1 1 0 1 1 1 1 1 1 1 1 1 1 1 1]
1 fold | 23 epoch | predict_prob : tensor([[0.2873, 0.7127],
        [0.5116, 0.4884],
        [0.2151, 0.7849],
        [0.3500, 0.6500],
        [0.3007, 0.6993],
        [0.4734, 0.5266],
        [0.3491, 0.6509],
        [0.4290, 0.5710],
        [0.4215, 0.5785],
        [0.3950, 0.6050],
        [0.2138, 0.7862],
        [0.2261, 0.7739],
        [0.3451, 0.6549],
        [0.4709, 0.5291],
        [0.2979, 0.7021]], grad_fn=<SoftmaxBackward0>)
1 fold | 23 epoch | y_true : [0 1 0 0 0 0 1 1 1 0 0 0 0 0 0]
1 fold | 23 epoch | y_pred : [1 0 1 1 1 1 1 1 1 1 1 1 1 1 1]
train loss : 0.5977617235019289 , val loss : 0.7474426627159119
1 fold | 24 epoch | predict_prob : tensor([[6.0936e-01, 3.9064e-01],
        [6.4152e-01, 3.5848e-01],
        [5.8392e-01, 4.1608e-01],
        [3.0257e-01, 6.9743e-01],
        [3.4903e-01, 6.5097e-01],
        [3.6204e-01, 6.3796e-01],
        [1.0000e+00, 1.7954e-23],
        [3.5364e-01, 6.4636e-01],
        [5.9181e-01, 4.0819e-01],
        [4.4150e-01, 5.5850e-01],
        [3.0950e-01, 6.9050e-01],
        [4.9834e-01, 5.0166e-01],
        [5.0541e-01, 4.9459e-01],
        [4.2700e-01, 5.7300e-01],
        [5.5704e-01, 4.4296e-01]], grad_fn=<SoftmaxBackward0>)
1 fold | 24 epoch | y_true : [0 0 1 0 0 0 0 0 0 1 1 1 0 1 0]
1 fold | 24 epoch | y_pred : [0 0 0 1 1 1 0 1 0 1 1 1 0 1 0]
1 fold | 24 epoch | predict_prob : tensor([[0.5881, 0.4119],
        [0.6007, 0.3993],
        [0.5963, 0.4037],
        [0.6774, 0.3226],
        [0.4268, 0.5732],
        [0.4264, 0.5736],
        [0.7269, 0.2731],
        [0.6416, 0.3584],
        [0.6930, 0.3070],
        [0.3401, 0.6599],
        [0.4041, 0.5959],
        [0.7249, 0.2751],
        [0.7083, 0.2917],
        [0.2798, 0.7202],
        [0.7207, 0.2793]], grad_fn=<SoftmaxBackward0>)
1 fold | 24 epoch | y_true : [0 0 0 1 0 0 0 1 1 0 0 1 0 0 0]
1 fold | 24 epoch | y_pred : [0 0 0 0 1 1 0 0 0 1 1 0 0 1 0]
train loss : 0.5301494660048649 , val loss : 0.6611707806587219
1 fold | 25 epoch | predict_prob : tensor([[1.7690e-01, 8.2310e-01],
        [1.8907e-01, 8.1093e-01],
        [2.2777e-01, 7.7223e-01],
        [2.9797e-01, 7.0203e-01],
        [1.2815e-01, 8.7185e-01],
        [1.0000e+00, 6.5758e-22],
        [1.4997e-01, 8.5003e-01],
        [1.0243e-01, 8.9757e-01],
        [3.0956e-01, 6.9044e-01],
        [2.4658e-01, 7.5342e-01],
        [2.2649e-01, 7.7351e-01],
        [2.4843e-01, 7.5157e-01],
        [1.4903e-01, 8.5097e-01],
        [3.2018e-01, 6.7982e-01],
        [1.0860e-01, 8.9140e-01]], grad_fn=<SoftmaxBackward0>)
1 fold | 25 epoch | y_true : [1 1 0 0 0 0 0 1 0 0 1 1 0 0 0]
1 fold | 25 epoch | y_pred : [1 1 1 1 1 0 1 1 1 1 1 1 1 1 1]
1 fold | 25 epoch | predict_prob : tensor([[0.1901, 0.8099],
        [0.1903, 0.8097],
        [0.7027, 0.2973],
        [0.5465, 0.4535],
        [0.3280, 0.6720],
        [0.7018, 0.2982],
        [0.1561, 0.8439],
        [0.5927, 0.4073],
        [0.0759, 0.9241],
        [0.3511, 0.6489],
        [0.1017, 0.8983],
        [0.6056, 0.3944],
        [0.2632, 0.7368],
        [0.7037, 0.2963],
        [0.3364, 0.6636]], grad_fn=<SoftmaxBackward0>)
1 fold | 25 epoch | y_true : [0 0 1 1 0 0 0 0 0 1 0 1 0 0 0]
1 fold | 25 epoch | y_pred : [1 1 0 0 1 0 1 0 1 1 1 0 1 0 1]
train loss : 0.5693498027735743 , val loss : 0.8543575406074524
1 fold | 26 epoch | predict_prob : tensor([[2.5049e-01, 7.4951e-01],
        [1.3215e-01, 8.6785e-01],
        [1.6418e-01, 8.3582e-01],
        [1.4314e-01, 8.5686e-01],
        [5.6717e-01, 4.3283e-01],
        [1.5760e-01, 8.4240e-01],
        [2.8294e-01, 7.1706e-01],
        [5.7524e-01, 4.2476e-01],
        [7.5181e-01, 2.4819e-01],
        [9.5950e-02, 9.0405e-01],
        [7.9688e-01, 2.0312e-01],
        [1.0000e+00, 4.5651e-23],
        [2.9261e-01, 7.0739e-01],
        [1.2958e-01, 8.7042e-01],
        [4.6648e-01, 5.3352e-01]], grad_fn=<SoftmaxBackward0>)
1 fold | 26 epoch | y_true : [1 0 1 0 0 0 1 0 1 1 0 0 0 0 0]
1 fold | 26 epoch | y_pred : [1 1 1 1 0 1 1 0 0 1 0 0 1 1 1]
1 fold | 26 epoch | predict_prob : tensor([[0.1981, 0.8019],
        [0.7138, 0.2862],
        [0.5048, 0.4952],
        [0.1165, 0.8835],
        [0.4946, 0.5054],
        [0.8065, 0.1935],
        [0.1829, 0.8171],
        [0.8132, 0.1868],
        [0.0367, 0.9633],
        [0.8024, 0.1976],
        [0.6948, 0.3052],
        [0.8012, 0.1988],
        [0.6843, 0.3157],
        [0.6903, 0.3097],
        [0.3362, 0.6638]], grad_fn=<SoftmaxBackward0>)
1 fold | 26 epoch | y_true : [0 1 0 0 0 0 0 0 0 0 1 1 1 0 0]
1 fold | 26 epoch | y_pred : [1 0 0 1 1 0 1 0 1 0 0 0 0 0 1]
train loss : 0.46154689377751845 , val loss : 0.8027133345603943
1 fold | 27 epoch | predict_prob : tensor([[4.1002e-03, 9.9590e-01],
        [2.9660e-03, 9.9703e-01],
        [8.0660e-03, 9.9193e-01],
        [7.7533e-04, 9.9922e-01],
        [7.4241e-03, 9.9258e-01],
        [2.4046e-03, 9.9760e-01],
        [6.3011e-03, 9.9370e-01],
        [1.4571e-02, 9.8543e-01],
        [1.7614e-03, 9.9824e-01],
        [5.1391e-03, 9.9486e-01],
        [3.9728e-03, 9.9603e-01],
        [4.0120e-03, 9.9599e-01],
        [6.1658e-04, 9.9938e-01],
        [8.7099e-04, 9.9913e-01],
        [1.0000e+00, 2.7349e-16]], grad_fn=<SoftmaxBackward0>)
1 fold | 27 epoch | y_true : [0 0 1 0 0 1 0 0 1 0 0 1 0 1 0]
1 fold | 27 epoch | y_pred : [1 1 1 1 1 1 1 1 1 1 1 1 1 1 0]
1 fold | 27 epoch | predict_prob : tensor([[7.1498e-03, 9.9285e-01],
        [1.3223e-01, 8.6777e-01],
        [4.1096e-03, 9.9589e-01],
        [1.0329e-02, 9.8967e-01],
        [2.0430e-02, 9.7957e-01],
        [1.4054e-01, 8.5946e-01],
        [7.9377e-04, 9.9921e-01],
        [3.5297e-02, 9.6470e-01],
        [2.0877e-02, 9.7912e-01],
        [2.0305e-01, 7.9695e-01],
        [5.4320e-04, 9.9946e-01],
        [7.2389e-04, 9.9928e-01],
        [9.7581e-02, 9.0242e-01],
        [5.2357e-02, 9.4764e-01],
        [6.7330e-02, 9.3267e-01]], grad_fn=<SoftmaxBackward0>)
1 fold | 27 epoch | y_true : [0 1 0 0 0 0 0 0 1 1 0 0 0 0 1]
1 fold | 27 epoch | y_pred : [1 1 1 1 1 1 1 1 1 1 1 1 1 1 1]
train loss : 0.5640345832397198 , val loss : 2.647998332977295
1 fold | 28 epoch | predict_prob : tensor([[5.2914e-02, 9.4709e-01],
        [4.2286e-02, 9.5771e-01],
        [6.9207e-02, 9.3079e-01],
        [1.0000e+00, 1.7460e-12],
        [6.9290e-02, 9.3071e-01],
        [4.0181e-02, 9.5982e-01],
        [7.3813e-02, 9.2619e-01],
        [6.9360e-02, 9.3064e-01],
        [4.7261e-02, 9.5274e-01],
        [4.0846e-02, 9.5915e-01],
        [2.1879e-02, 9.7812e-01],
        [9.5897e-02, 9.0410e-01],
        [2.4745e-02, 9.7526e-01],
        [2.0662e-02, 9.7934e-01],
        [5.5810e-02, 9.4419e-01]], grad_fn=<SoftmaxBackward0>)
1 fold | 28 epoch | y_true : [1 0 0 0 0 1 1 0 0 1 0 0 1 0 0]
1 fold | 28 epoch | y_pred : [1 1 1 0 1 1 1 1 1 1 1 1 1 1 1]
1 fold | 28 epoch | predict_prob : tensor([[0.2683, 0.7317],
        [0.2839, 0.7161],
        [0.1514, 0.8486],
        [0.0816, 0.9184],
        [0.0183, 0.9817],
        [0.1892, 0.8108],
        [0.0654, 0.9346],
        [0.2030, 0.7970],
        [0.3235, 0.6765],
        [0.1140, 0.8860],
        [0.1181, 0.8819],
        [0.2424, 0.7576],
        [0.0254, 0.9746],
        [0.0186, 0.9814],
        [0.0555, 0.9445]], grad_fn=<SoftmaxBackward0>)
1 fold | 28 epoch | y_true : [1 0 0 0 0 0 0 1 1 0 1 0 0 0 0]
1 fold | 28 epoch | y_pred : [1 1 1 1 1 1 1 1 1 1 1 1 1 1 1]
train loss : 1.1875966417378392 , val loss : 1.4356502294540405
1 fold | 29 epoch | predict_prob : tensor([[4.5109e-01, 5.4891e-01],
        [6.8026e-01, 3.1974e-01],
        [4.9257e-01, 5.0743e-01],
        [1.0000e+00, 9.9919e-11],
        [4.3452e-01, 5.6548e-01],
        [5.4888e-01, 4.5112e-01],
        [7.9207e-01, 2.0793e-01],
        [7.8244e-01, 2.1756e-01],
        [4.7967e-01, 5.2033e-01],
        [7.9175e-01, 2.0825e-01],
        [4.6441e-01, 5.3559e-01],
        [4.3275e-01, 5.6725e-01],
        [4.2554e-01, 5.7446e-01],
        [4.6533e-01, 5.3467e-01],
        [4.4586e-01, 5.5414e-01]], grad_fn=<SoftmaxBackward0>)
1 fold | 29 epoch | y_true : [0 0 1 0 1 0 0 0 1 1 0 0 0 1 0]
1 fold | 29 epoch | y_pred : [1 0 1 0 1 0 0 0 1 0 1 1 1 1 1]
1 fold | 29 epoch | predict_prob : tensor([[0.7794, 0.2206],
        [0.7923, 0.2077],
        [0.7002, 0.2998],
        [0.4406, 0.5594],
        [0.3734, 0.6266],
        [0.7448, 0.2552],
        [0.7704, 0.2296],
        [0.4507, 0.5493],
        [0.7757, 0.2243],
        [0.5877, 0.4123],
        [0.7914, 0.2086],
        [0.4390, 0.5610],
        [0.7942, 0.2058],
        [0.6028, 0.3972],
        [0.6160, 0.3840]], grad_fn=<SoftmaxBackward0>)
1 fold | 29 epoch | y_true : [0 0 1 0 0 1 1 0 0 0 0 0 0 1 0]
1 fold | 29 epoch | y_pred : [0 0 0 1 1 0 0 1 0 0 0 1 0 0 0]
train loss : 0.6418712920156019 , val loss : 0.680615246295929
1 fold | 30 epoch | predict_prob : tensor([[1.0000e+00, 9.1590e-07],
        [4.9998e-01, 5.0002e-01],
        [7.3531e-01, 2.6469e-01],
        [4.9838e-01, 5.0162e-01],
        [5.0744e-01, 4.9256e-01],
        [5.0905e-01, 4.9095e-01],
        [4.9252e-01, 5.0748e-01],
        [4.9656e-01, 5.0344e-01],
        [5.1146e-01, 4.8854e-01],
        [7.6249e-01, 2.3751e-01],
        [4.7928e-01, 5.2072e-01],
        [4.8687e-01, 5.1313e-01],
        [4.9234e-01, 5.0766e-01],
        [4.8549e-01, 5.1451e-01],
        [4.9967e-01, 5.0033e-01]], grad_fn=<SoftmaxBackward0>)
1 fold | 30 epoch | y_true : [0 0 1 1 0 0 0 0 1 0 0 1 0 1 0]
1 fold | 30 epoch | y_pred : [0 1 0 1 0 0 1 1 0 0 1 1 1 1 1]
1 fold | 30 epoch | predict_prob : tensor([[0.5265, 0.4735],
        [0.7252, 0.2748],
        [0.7499, 0.2501],
        [0.5752, 0.4248],
        [0.4910, 0.5090],
        [0.6331, 0.3669],
        [0.4997, 0.5003],
        [0.4941, 0.5059],
        [0.4869, 0.5131],
        [0.5396, 0.4604],
        [0.5669, 0.4331],
        [0.4778, 0.5222],
        [0.7331, 0.2669],
        [0.5976, 0.4024],
        [0.5187, 0.4813]], grad_fn=<SoftmaxBackward0>)
1 fold | 30 epoch | y_true : [1 0 0 1 0 1 0 0 0 0 1 0 0 0 0]
1 fold | 30 epoch | y_pred : [0 0 0 0 1 0 1 1 1 0 0 1 0 0 0]
train loss : 0.5998998078806647 , val loss : 0.6953274011611938
1 fold | 31 epoch | predict_prob : tensor([[0.4914, 0.5086],
        [0.5132, 0.4868],
        [0.5101, 0.4899],
        [0.4912, 0.5088],
        [0.5095, 0.4905],
        [0.5101, 0.4899],
        [0.4953, 0.5047],
        [0.4815, 0.5185],
        [0.4937, 0.5063],
        [0.5112, 0.4888],
        [0.4968, 0.5032],
        [0.5089, 0.4911],
        [0.4980, 0.5020],
        [0.9974, 0.0026],
        [0.4999, 0.5001]], grad_fn=<SoftmaxBackward0>)
1 fold | 31 epoch | y_true : [1 0 0 0 0 1 0 0 0 0 0 1 1 0 1]
1 fold | 31 epoch | y_pred : [1 0 0 1 0 0 1 1 1 0 1 0 1 0 1]
1 fold | 31 epoch | predict_prob : tensor([[0.4992, 0.5008],
        [0.4685, 0.5315],
        [0.4994, 0.5006],
        [0.4756, 0.5244],
        [0.4828, 0.5172],
        [0.4928, 0.5072],
        [0.5040, 0.4960],
        [0.4961, 0.5039],
        [0.4984, 0.5016],
        [0.4893, 0.5107],
        [0.5270, 0.4730],
        [0.4835, 0.5165],
        [0.4674, 0.5326],
        [0.4691, 0.5309],
        [0.5159, 0.4841]], grad_fn=<SoftmaxBackward0>)
1 fold | 31 epoch | y_true : [0 1 0 0 1 0 0 0 0 1 0 0 0 1 0]
1 fold | 31 epoch | y_pred : [1 1 1 1 1 1 0 1 1 1 0 1 1 1 0]
train loss : 0.5911808856602373 , val loss : 0.6587191820144653
1 fold | 32 epoch | predict_prob : tensor([[0.4654, 0.5346],
        [0.4573, 0.5427],
        [0.4606, 0.5394],
        [0.4571, 0.5429],
        [0.4564, 0.5436],
        [0.4562, 0.5438],
        [0.4740, 0.5260],
        [0.4712, 0.5288],
        [0.4635, 0.5365],
        [0.4621, 0.5379],
        [0.4633, 0.5367],
        [0.4567, 0.5433],
        [0.5704, 0.4296],
        [0.4629, 0.5371],
        [0.4582, 0.5418]], grad_fn=<SoftmaxBackward0>)
1 fold | 32 epoch | y_true : [1 0 1 0 1 0 0 0 0 1 0 0 0 1 0]
1 fold | 32 epoch | y_pred : [1 1 1 1 1 1 1 1 1 1 1 1 0 1 1]
1 fold | 32 epoch | predict_prob : tensor([[0.4939, 0.5061],
        [0.4616, 0.5384],
        [0.4586, 0.5414],
        [0.5503, 0.4497],
        [0.4599, 0.5401],
        [0.4473, 0.5527],
        [0.4728, 0.5272],
        [0.5820, 0.4180],
        [0.4649, 0.5351],
        [0.6849, 0.3151],
        [0.4623, 0.5377],
        [0.4555, 0.5445],
        [0.7300, 0.2700],
        [0.4632, 0.5368],
        [0.4639, 0.5361]], grad_fn=<SoftmaxBackward0>)
1 fold | 32 epoch | y_true : [1 0 0 1 0 0 1 0 1 0 0 0 0 0 0]
1 fold | 32 epoch | y_pred : [1 1 1 0 1 1 1 0 1 0 1 1 0 1 1]
train loss : 0.6452700475166584 , val loss : 0.6877928972244263
1 fold | 33 epoch | predict_prob : tensor([[0.3743, 0.6257],
        [0.3798, 0.6202],
        [0.3894, 0.6106],
        [0.3846, 0.6154],
        [0.3546, 0.6454],
        [0.3790, 0.6210],
        [0.3504, 0.6496],
        [0.3734, 0.6266],
        [0.3681, 0.6319],
        [0.3479, 0.6521],
        [0.3766, 0.6234],
        [0.3805, 0.6195],
        [0.3895, 0.6105],
        [0.0234, 0.9766],
        [0.3598, 0.6402]], grad_fn=<SoftmaxBackward0>)
1 fold | 33 epoch | y_true : [0 0 1 0 1 1 0 0 1 0 0 0 0 0 1]
1 fold | 33 epoch | y_pred : [1 1 1 1 1 1 1 1 1 1 1 1 1 1 1]
1 fold | 33 epoch | predict_prob : tensor([[0.4390, 0.5610],
        [0.4160, 0.5840],
        [0.4415, 0.5585],
        [0.3952, 0.6048],
        [0.4333, 0.5667],
        [0.4012, 0.5988],
        [0.4144, 0.5856],
        [0.4199, 0.5801],
        [0.4013, 0.5987],
        [0.3482, 0.6518],
        [0.3484, 0.6516],
        [0.3873, 0.6127],
        [0.3712, 0.6288],
        [0.3536, 0.6464],
        [0.4273, 0.5727]], grad_fn=<SoftmaxBackward0>)
1 fold | 33 epoch | y_true : [1 0 1 0 0 1 0 1 0 0 0 0 0 0 0]
1 fold | 33 epoch | y_pred : [1 1 1 1 1 1 1 1 1 1 1 1 1 1 1]
train loss : 1.9958574278601284 , val loss : 0.8793085813522339
1 fold | 34 epoch | predict_prob : tensor([[1.5687e-01, 8.4313e-01],
        [1.9889e-01, 8.0111e-01],
        [1.5299e-01, 8.4701e-01],
        [1.7003e-01, 8.2997e-01],
        [1.5732e-01, 8.4268e-01],
        [1.8024e-01, 8.1976e-01],
        [1.2590e-01, 8.7410e-01],
        [5.5775e-04, 9.9944e-01],
        [1.4249e-01, 8.5751e-01],
        [2.1318e-01, 7.8682e-01],
        [2.0249e-01, 7.9751e-01],
        [1.1273e-01, 8.8727e-01],
        [2.2007e-01, 7.7993e-01],
        [2.0989e-01, 7.9011e-01],
        [1.3261e-01, 8.6739e-01]], grad_fn=<SoftmaxBackward0>)
1 fold | 34 epoch | y_true : [1 0 1 0 0 1 0 0 0 0 0 1 0 1 0]
1 fold | 34 epoch | y_pred : [1 1 1 1 1 1 1 1 1 1 1 1 1 1 1]
1 fold | 34 epoch | predict_prob : tensor([[0.1854, 0.8146],
        [0.3531, 0.6469],
        [0.1043, 0.8957],
        [0.2921, 0.7079],
        [0.2505, 0.7495],
        [0.2398, 0.7602],
        [0.3538, 0.6462],
        [0.1318, 0.8682],
        [0.2752, 0.7248],
        [0.3127, 0.6873],
        [0.2229, 0.7771],
        [0.1490, 0.8510],
        [0.2737, 0.7263],
        [0.2433, 0.7567],
        [0.2288, 0.7712]], grad_fn=<SoftmaxBackward0>)
1 fold | 34 epoch | y_true : [0 1 0 0 0 0 1 0 1 0 0 0 0 0 1]
1 fold | 34 epoch | y_pred : [1 1 1 1 1 1 1 1 1 1 1 1 1 1 1]
train loss : 0.6328645944595337 , val loss : 1.3041151762008667
1 fold | 35 epoch | predict_prob : tensor([[0.0925, 0.9075],
        [0.1346, 0.8654],
        [0.1581, 0.8419],
        [0.0924, 0.9076],
        [0.1651, 0.8349],
        [0.1109, 0.8891],
        [0.1749, 0.8251],
        [0.0200, 0.9800],
        [0.1097, 0.8903],
        [0.1117, 0.8883],
        [0.0683, 0.9317],
        [0.0854, 0.9146],
        [0.1597, 0.8403],
        [0.1210, 0.8790],
        [0.1754, 0.8246]], grad_fn=<SoftmaxBackward0>)
1 fold | 35 epoch | y_true : [0 1 0 0 1 1 0 0 0 1 1 0 0 0 0]
1 fold | 35 epoch | y_pred : [1 1 1 1 1 1 1 1 1 1 1 1 1 1 1]
1 fold | 35 epoch | predict_prob : tensor([[0.0923, 0.9077],
        [0.2286, 0.7714],
        [0.1836, 0.8164],
        [0.2680, 0.7320],
        [0.1536, 0.8464],
        [0.1957, 0.8043],
        [0.3191, 0.6809],
        [0.2461, 0.7539],
        [0.1987, 0.8013],
        [0.1812, 0.8188],
        [0.0632, 0.9368],
        [0.2024, 0.7976],
        [0.1022, 0.8978],
        [0.3233, 0.6767],
        [0.2309, 0.7691]], grad_fn=<SoftmaxBackward0>)
1 fold | 35 epoch | y_true : [0 1 0 0 0 0 1 0 0 1 0 0 0 1 0]
1 fold | 35 epoch | y_pred : [1 1 1 1 1 1 1 1 1 1 1 1 1 1 1]
train loss : 0.6419404847868557 , val loss : 1.237354040145874
1 fold | 36 epoch | predict_prob : tensor([[0.3083, 0.6917],
        [0.3182, 0.6818],
        [0.3330, 0.6670],
        [0.2858, 0.7142],
        [0.3022, 0.6978],
        [0.3361, 0.6639],
        [0.2884, 0.7116],
        [0.2825, 0.7175],
        [0.3316, 0.6684],
        [0.3002, 0.6998],
        [0.3028, 0.6972],
        [0.3410, 0.6590],
        [0.2638, 0.7362],
        [0.7551, 0.2449],
        [0.3431, 0.6569]], grad_fn=<SoftmaxBackward0>)
1 fold | 36 epoch | y_true : [0 1 0 0 1 1 0 0 0 0 1 0 1 0 0]
1 fold | 36 epoch | y_pred : [1 1 1 1 1 1 1 1 1 1 1 1 1 0 1]
1 fold | 36 epoch | predict_prob : tensor([[0.2945, 0.7055],
        [0.3726, 0.6274],
        [0.3675, 0.6325],
        [0.4037, 0.5963],
        [0.3656, 0.6344],
        [0.3553, 0.6447],
        [0.4023, 0.5977],
        [0.3511, 0.6489],
        [0.3817, 0.6183],
        [0.2890, 0.7110],
        [0.3322, 0.6678],
        [0.3435, 0.6565],
        [0.3469, 0.6531],
        [0.2593, 0.7407],
        [0.3514, 0.6486]], grad_fn=<SoftmaxBackward0>)
1 fold | 36 epoch | y_true : [0 0 0 1 1 0 1 0 0 0 0 1 0 0 0]
1 fold | 36 epoch | y_pred : [1 1 1 1 1 1 1 1 1 1 1 1 1 1 1]
train loss : 0.7883713080965239 , val loss : 0.7348536252975464
1 fold | 37 epoch | predict_prob : tensor([[0.4169, 0.5831],
        [0.3979, 0.6021],
        [0.4080, 0.5920],
        [0.4044, 0.5956],
        [0.3961, 0.6039],
        [0.3957, 0.6043],
        [0.4143, 0.5857],
        [0.4016, 0.5984],
        [0.4027, 0.5973],
        [0.9971, 0.0029],
        [0.4027, 0.5973],
        [0.4130, 0.5870],
        [0.4160, 0.5840],
        [0.4142, 0.5858],
        [0.3880, 0.6120]], grad_fn=<SoftmaxBackward0>)
1 fold | 37 epoch | y_true : [0 0 1 0 0 0 0 0 1 0 1 0 0 1 1]
1 fold | 37 epoch | y_pred : [1 1 1 1 1 1 1 1 1 0 1 1 1 1 1]
1 fold | 37 epoch | predict_prob : tensor([[0.4239, 0.5761],
        [0.4141, 0.5859],
        [0.4247, 0.5753],
        [0.4209, 0.5791],
        [0.4368, 0.5632],
        [0.3977, 0.6023],
        [0.3862, 0.6138],
        [0.4167, 0.5833],
        [0.4194, 0.5806],
        [0.4292, 0.5708],
        [0.3996, 0.6004],
        [0.4359, 0.5641],
        [0.4181, 0.5819],
        [0.4264, 0.5736],
        [0.4191, 0.5809]], grad_fn=<SoftmaxBackward0>)
1 fold | 37 epoch | y_true : [1 0 0 0 1 0 0 1 0 0 0 1 0 0 0]
1 fold | 37 epoch | y_pred : [1 1 1 1 1 1 1 1 1 1 1 1 1 1 1]
train loss : 0.6625129642157719 , val loss : 0.6696789264678955
1 fold | 38 epoch | predict_prob : tensor([[9.9962e-01, 3.8179e-04],
        [2.9842e-01, 7.0158e-01],
        [2.5736e-01, 7.4264e-01],
        [2.6283e-01, 7.3717e-01],
        [2.4188e-01, 7.5812e-01],
        [2.9421e-01, 7.0579e-01],
        [2.5783e-01, 7.4217e-01],
        [3.0913e-01, 6.9087e-01],
        [2.7582e-01, 7.2418e-01],
        [3.0530e-01, 6.9470e-01],
        [3.0091e-01, 6.9909e-01],
        [2.5348e-01, 7.4652e-01],
        [2.0942e-01, 7.9058e-01],
        [2.3446e-01, 7.6554e-01],
        [2.3447e-01, 7.6553e-01]], grad_fn=<SoftmaxBackward0>)
1 fold | 38 epoch | y_true : [0 1 1 0 0 0 1 0 1 0 0 0 1 0 0]
1 fold | 38 epoch | y_pred : [0 1 1 1 1 1 1 1 1 1 1 1 1 1 1]
1 fold | 38 epoch | predict_prob : tensor([[0.3239, 0.6761],
        [0.3178, 0.6822],
        [0.3874, 0.6126],
        [0.3349, 0.6651],
        [0.3558, 0.6442],
        [0.3160, 0.6840],
        [0.3831, 0.6169],
        [0.3133, 0.6867],
        [0.3449, 0.6551],
        [0.2997, 0.7003],
        [0.2043, 0.7957],
        [0.2413, 0.7587],
        [0.2468, 0.7532],
        [0.3379, 0.6621],
        [0.3077, 0.6923]], grad_fn=<SoftmaxBackward0>)
1 fold | 38 epoch | y_true : [0 0 1 1 0 0 1 0 0 0 0 0 0 0 1]
1 fold | 38 epoch | y_pred : [1 1 1 1 1 1 1 1 1 1 1 1 1 1 1]
train loss : 0.6598942608668886 , val loss : 0.7592912316322327
1 fold | 39 epoch | predict_prob : tensor([[3.0749e-01, 6.9251e-01],
        [3.2897e-01, 6.7103e-01],
        [2.7583e-01, 7.2417e-01],
        [3.0147e-01, 6.9853e-01],
        [3.4375e-01, 6.5625e-01],
        [3.4133e-01, 6.5867e-01],
        [3.2494e-01, 6.7506e-01],
        [3.1499e-01, 6.8501e-01],
        [3.4762e-01, 6.5238e-01],
        [3.2082e-01, 6.7918e-01],
        [9.9998e-01, 1.6339e-05],
        [2.9067e-01, 7.0933e-01],
        [3.4022e-01, 6.5978e-01],
        [3.4288e-01, 6.5712e-01],
        [3.4729e-01, 6.5271e-01]], grad_fn=<SoftmaxBackward0>)
1 fold | 39 epoch | y_true : [0 1 1 0 0 0 1 0 0 0 0 0 1 1 0]
1 fold | 39 epoch | y_pred : [1 1 1 1 1 1 1 1 1 1 0 1 1 1 1]
1 fold | 39 epoch | predict_prob : tensor([[0.3716, 0.6284],
        [0.3793, 0.6207],
        [0.3517, 0.6483],
        [0.3862, 0.6138],
        [0.3618, 0.6382],
        [0.3005, 0.6995],
        [0.3658, 0.6342],
        [0.3824, 0.6176],
        [0.2653, 0.7347],
        [0.4223, 0.5777],
        [0.4008, 0.5992],
        [0.3004, 0.6996],
        [0.3530, 0.6470],
        [0.3563, 0.6437],
        [0.3459, 0.6541]], grad_fn=<SoftmaxBackward0>)
1 fold | 39 epoch | y_true : [0 0 0 0 0 0 1 0 0 1 1 0 1 0 0]
1 fold | 39 epoch | y_pred : [1 1 1 1 1 1 1 1 1 1 1 1 1 1 1]
train loss : 0.6646278171703733 , val loss : 0.7158573865890503
1 fold | 40 epoch | predict_prob : tensor([[2.2626e-01, 7.7374e-01],
        [2.4811e-01, 7.5189e-01],
        [2.8072e-01, 7.1928e-01],
        [2.9749e-01, 7.0251e-01],
        [1.0000e+00, 1.3095e-06],
        [3.0004e-01, 6.9996e-01],
        [2.3719e-01, 7.6281e-01],
        [2.8537e-01, 7.1463e-01],
        [2.6128e-01, 7.3872e-01],
        [1.9104e-01, 8.0896e-01],
        [2.1649e-01, 7.8351e-01],
        [2.4880e-01, 7.5120e-01],
        [2.5070e-01, 7.4930e-01],
        [2.1775e-01, 7.8225e-01],
        [2.9232e-01, 7.0768e-01]], grad_fn=<SoftmaxBackward0>)
1 fold | 40 epoch | y_true : [0 1 0 0 0 0 0 1 1 1 0 1 0 0 0]
1 fold | 40 epoch | y_pred : [1 1 1 1 0 1 1 1 1 1 1 1 1 1 1]
1 fold | 40 epoch | predict_prob : tensor([[0.2928, 0.7072],
        [0.3020, 0.6980],
        [0.2299, 0.7701],
        [0.2943, 0.7057],
        [0.3029, 0.6971],
        [0.2257, 0.7743],
        [0.3279, 0.6721],
        [0.3468, 0.6532],
        [0.3363, 0.6637],
        [0.3132, 0.6868],
        [0.3058, 0.6942],
        [0.1861, 0.8139],
        [0.3764, 0.6236],
        [0.3237, 0.6763],
        [0.3885, 0.6115]], grad_fn=<SoftmaxBackward0>)
1 fold | 40 epoch | y_true : [0 0 0 1 0 0 0 0 0 0 0 0 1 1 1]
1 fold | 40 epoch | y_pred : [1 1 1 1 1 1 1 1 1 1 1 1 1 1 1]
train loss : 0.612358847568775 , val loss : 0.7752763032913208
1 fold | 41 epoch | predict_prob : tensor([[4.5581e-01, 5.4419e-01],
        [4.5220e-01, 5.4780e-01],
        [1.0000e+00, 3.6230e-09],
        [4.5205e-01, 5.4795e-01],
        [4.5134e-01, 5.4866e-01],
        [4.5111e-01, 5.4889e-01],
        [4.5255e-01, 5.4745e-01],
        [4.5317e-01, 5.4683e-01],
        [4.5131e-01, 5.4869e-01],
        [4.5217e-01, 5.4783e-01],
        [4.5137e-01, 5.4863e-01],
        [4.5253e-01, 5.4747e-01],
        [4.5175e-01, 5.4825e-01],
        [4.5189e-01, 5.4811e-01],
        [4.5281e-01, 5.4719e-01]], grad_fn=<SoftmaxBackward0>)
1 fold | 41 epoch | y_true : [0 1 0 0 1 0 0 1 0 0 0 0 1 1 0]
1 fold | 41 epoch | y_pred : [1 1 0 1 1 1 1 1 1 1 1 1 1 1 1]
1 fold | 41 epoch | predict_prob : tensor([[0.4511, 0.5489],
        [0.4507, 0.5493],
        [0.4527, 0.5473],
        [0.4501, 0.5499],
        [0.4522, 0.5478],
        [0.4508, 0.5492],
        [0.4510, 0.5490],
        [0.4508, 0.5492],
        [0.4506, 0.5494],
        [0.4523, 0.5477],
        [0.4531, 0.5469],
        [0.4536, 0.5464],
        [0.4510, 0.5490],
        [0.4513, 0.5487],
        [0.4512, 0.5488]], grad_fn=<SoftmaxBackward0>)
1 fold | 41 epoch | y_true : [0 0 0 1 0 0 0 1 0 0 0 1 0 1 0]
1 fold | 41 epoch | y_pred : [1 1 1 1 1 1 1 1 1 1 1 1 1 1 1]
train loss : 0.642803640201174 , val loss : 0.6600008010864258
1 fold | 42 epoch | predict_prob : tensor([[2.8959e-01, 7.1041e-01],
        [2.9417e-01, 7.0583e-01],
        [2.3641e-01, 7.6359e-01],
        [2.2919e-01, 7.7081e-01],
        [2.5203e-01, 7.4797e-01],
        [2.4720e-01, 7.5280e-01],
        [2.9283e-01, 7.0717e-01],
        [3.0679e-01, 6.9321e-01],
        [1.0000e+00, 3.6143e-09],
        [2.9547e-01, 7.0453e-01],
        [3.0052e-01, 6.9948e-01],
        [2.7092e-01, 7.2908e-01],
        [2.5719e-01, 7.4281e-01],
        [2.2701e-01, 7.7299e-01],
        [2.0161e-01, 7.9839e-01]], grad_fn=<SoftmaxBackward0>)
1 fold | 42 epoch | y_true : [0 1 0 0 1 0 1 0 0 0 0 1 0 0 1]
1 fold | 42 epoch | y_pred : [1 1 1 1 1 1 1 1 0 1 1 1 1 1 1]
1 fold | 42 epoch | predict_prob : tensor([[0.3894, 0.6106],
        [0.2403, 0.7597],
        [0.3802, 0.6198],
        [0.3304, 0.6696],
        [0.3103, 0.6897],
        [0.3512, 0.6488],
        [0.3399, 0.6601],
        [0.1973, 0.8027],
        [0.2972, 0.7028],
        [0.2368, 0.7632],
        [0.3139, 0.6861],
        [0.3103, 0.6897],
        [0.3399, 0.6601],
        [0.3290, 0.6710],
        [0.3026, 0.6974]], grad_fn=<SoftmaxBackward0>)
1 fold | 42 epoch | y_true : [1 0 1 1 0 0 0 0 0 0 0 0 0 0 1]
1 fold | 42 epoch | y_pred : [1 1 1 1 1 1 1 1 1 1 1 1 1 1 1]
train loss : 0.6243962686637352 , val loss : 0.7705301642417908
1 fold | 43 epoch | predict_prob : tensor([[3.7088e-01, 6.2912e-01],
        [3.4157e-01, 6.5843e-01],
        [3.3640e-01, 6.6360e-01],
        [4.0438e-01, 5.9562e-01],
        [3.5381e-01, 6.4619e-01],
        [3.5483e-01, 6.4517e-01],
        [3.4472e-01, 6.5528e-01],
        [3.3153e-01, 6.6847e-01],
        [3.4870e-01, 6.5130e-01],
        [3.4294e-01, 6.5706e-01],
        [3.5430e-01, 6.4570e-01],
        [3.6040e-01, 6.3960e-01],
        [3.3970e-01, 6.6030e-01],
        [3.3815e-01, 6.6185e-01],
        [1.0000e+00, 3.5286e-10]], grad_fn=<SoftmaxBackward0>)
1 fold | 43 epoch | y_true : [0 0 0 1 0 1 0 0 1 1 1 0 0 0 0]
1 fold | 43 epoch | y_pred : [1 1 1 1 1 1 1 1 1 1 1 1 1 1 0]
1 fold | 43 epoch | predict_prob : tensor([[0.3591, 0.6409],
        [0.3280, 0.6720],
        [0.3908, 0.6092],
        [0.3506, 0.6494],
        [0.4044, 0.5956],
        [0.4126, 0.5874],
        [0.3349, 0.6651],
        [0.3907, 0.6093],
        [0.4329, 0.5671],
        [0.3146, 0.6854],
        [0.3522, 0.6478],
        [0.3862, 0.6138],
        [0.3453, 0.6547],
        [0.3790, 0.6210],
        [0.3191, 0.6809]], grad_fn=<SoftmaxBackward0>)
1 fold | 43 epoch | y_true : [1 0 1 0 0 0 0 0 1 0 1 0 0 0 0]
1 fold | 43 epoch | y_pred : [1 1 1 1 1 1 1 1 1 1 1 1 1 1 1]
train loss : 0.6495580549897819 , val loss : 0.7119069695472717
1 fold | 44 epoch | predict_prob : tensor([[4.6126e-01, 5.3874e-01],
        [4.5822e-01, 5.4178e-01],
        [4.4065e-01, 5.5935e-01],
        [4.6073e-01, 5.3927e-01],
        [4.5233e-01, 5.4767e-01],
        [1.0000e+00, 8.7860e-11],
        [4.3336e-01, 5.6664e-01],
        [4.6126e-01, 5.3874e-01],
        [4.2142e-01, 5.7858e-01],
        [4.2921e-01, 5.7079e-01],
        [4.6126e-01, 5.3874e-01],
        [4.5823e-01, 5.4176e-01],
        [4.4770e-01, 5.5230e-01],
        [4.2317e-01, 5.7683e-01],
        [4.6126e-01, 5.3874e-01]], grad_fn=<SoftmaxBackward0>)
1 fold | 44 epoch | y_true : [1 1 1 1 0 0 0 0 0 0 0 0 0 0 1]
1 fold | 44 epoch | y_pred : [1 1 1 1 1 0 1 1 1 1 1 1 1 1 1]
1 fold | 44 epoch | predict_prob : tensor([[0.4437, 0.5563],
        [0.4612, 0.5388],
        [0.4192, 0.5808],
        [0.4362, 0.5638],
        [0.4592, 0.5408],
        [0.4358, 0.5642],
        [0.4541, 0.5459],
        [0.3963, 0.6037],
        [0.4365, 0.5635],
        [0.4613, 0.5387],
        [0.4401, 0.5599],
        [0.4613, 0.5387],
        [0.4572, 0.5428],
        [0.4374, 0.5626],
        [0.4611, 0.5389]], grad_fn=<SoftmaxBackward0>)
1 fold | 44 epoch | y_true : [1 0 0 0 1 0 0 0 1 0 1 0 0 0 0]
1 fold | 44 epoch | y_pred : [1 1 1 1 1 1 1 1 1 1 1 1 1 1 1]
train loss : 0.647492254602498 , val loss : 0.6738929152488708
1 fold | 45 epoch | predict_prob : tensor([[3.3448e-01, 6.6552e-01],
        [3.4106e-01, 6.5894e-01],
        [3.3704e-01, 6.6296e-01],
        [3.0075e-01, 6.9925e-01],
        [3.3158e-01, 6.6842e-01],
        [3.1043e-01, 6.8957e-01],
        [3.1859e-01, 6.8141e-01],
        [3.1285e-01, 6.8715e-01],
        [3.4801e-01, 6.5199e-01],
        [1.0000e+00, 1.7465e-10],
        [3.4593e-01, 6.5407e-01],
        [3.1104e-01, 6.8896e-01],
        [3.4949e-01, 6.5051e-01],
        [3.2083e-01, 6.7917e-01],
        [3.0489e-01, 6.9511e-01]], grad_fn=<SoftmaxBackward0>)
1 fold | 45 epoch | y_true : [0 1 0 0 1 0 1 0 0 0 1 0 0 0 1]
1 fold | 45 epoch | y_pred : [1 1 1 1 1 1 1 1 1 0 1 1 1 1 1]
1 fold | 45 epoch | predict_prob : tensor([[0.3725, 0.6275],
        [0.2963, 0.7037],
        [0.3465, 0.6535],
        [0.2733, 0.7267],
        [0.3798, 0.6202],
        [0.3605, 0.6395],
        [0.3494, 0.6506],
        [0.3932, 0.6068],
        [0.3448, 0.6552],
        [0.3775, 0.6225],
        [0.3939, 0.6061],
        [0.3664, 0.6336],
        [0.4027, 0.5973],
        [0.2971, 0.7029],
        [0.4265, 0.5735]], grad_fn=<SoftmaxBackward0>)
1 fold | 45 epoch | y_true : [0 0 1 0 0 0 0 0 0 0 0 1 1 0 1]
1 fold | 45 epoch | y_pred : [1 1 1 1 1 1 1 1 1 1 1 1 1 1 1]
train loss : 0.6468644368237463 , val loss : 0.7179834246635437
1 fold | 46 epoch | predict_prob : tensor([[4.2859e-01, 5.7141e-01],
        [1.0000e+00, 6.4876e-11],
        [4.3080e-01, 5.6920e-01],
        [4.2025e-01, 5.7975e-01],
        [4.2516e-01, 5.7484e-01],
        [4.4192e-01, 5.5808e-01],
        [4.3137e-01, 5.6863e-01],
        [4.2826e-01, 5.7174e-01],
        [4.2781e-01, 5.7219e-01],
        [4.1530e-01, 5.8470e-01],
        [4.4252e-01, 5.5748e-01],
        [4.2306e-01, 5.7694e-01],
        [4.2256e-01, 5.7744e-01],
        [4.3589e-01, 5.6411e-01],
        [4.2952e-01, 5.7048e-01]], grad_fn=<SoftmaxBackward0>)
1 fold | 46 epoch | y_true : [1 0 0 0 0 1 1 0 1 0 1 0 0 0 0]
1 fold | 46 epoch | y_pred : [1 0 1 1 1 1 1 1 1 1 1 1 1 1 1]
1 fold | 46 epoch | predict_prob : tensor([[0.4349, 0.5651],
        [0.4091, 0.5909],
        [0.4439, 0.5561],
        [0.4177, 0.5823],
        [0.4506, 0.5494],
        [0.4352, 0.5648],
        [0.4169, 0.5831],
        [0.4550, 0.5450],
        [0.4418, 0.5582],
        [0.4313, 0.5687],
        [0.4184, 0.5816],
        [0.4554, 0.5446],
        [0.4620, 0.5380],
        [0.4151, 0.5849],
        [0.4391, 0.5609]], grad_fn=<SoftmaxBackward0>)
1 fold | 46 epoch | y_true : [1 0 0 0 0 0 0 0 1 1 0 0 1 0 0]
1 fold | 46 epoch | y_pred : [1 1 1 1 1 1 1 1 1 1 1 1 1 1 1]
train loss : 0.6515651365806316 , val loss : 0.6734362244606018
1 fold | 47 epoch | predict_prob : tensor([[3.1999e-01, 6.8001e-01],
        [3.2888e-01, 6.7112e-01],
        [3.2447e-01, 6.7553e-01],
        [3.1132e-01, 6.8868e-01],
        [3.0269e-01, 6.9731e-01],
        [1.0000e+00, 3.6936e-10],
        [3.3896e-01, 6.6104e-01],
        [3.0819e-01, 6.9181e-01],
        [3.3346e-01, 6.6654e-01],
        [2.9379e-01, 7.0621e-01],
        [3.2567e-01, 6.7433e-01],
        [2.9211e-01, 7.0789e-01],
        [2.9627e-01, 7.0373e-01],
        [3.3539e-01, 6.6461e-01],
        [3.4332e-01, 6.5668e-01]], grad_fn=<SoftmaxBackward0>)
1 fold | 47 epoch | y_true : [0 0 1 1 0 0 0 0 0 1 1 0 0 1 0]
1 fold | 47 epoch | y_pred : [1 1 1 1 1 0 1 1 1 1 1 1 1 1 1]
1 fold | 47 epoch | predict_prob : tensor([[0.3759, 0.6241],
        [0.2651, 0.7349],
        [0.3410, 0.6590],
        [0.3373, 0.6627],
        [0.3701, 0.6299],
        [0.4001, 0.5999],
        [0.4022, 0.5978],
        [0.2873, 0.7127],
        [0.2909, 0.7091],
        [0.3552, 0.6448],
        [0.3873, 0.6127],
        [0.3657, 0.6343],
        [0.4395, 0.5605],
        [0.3435, 0.6565],
        [0.3739, 0.6261]], grad_fn=<SoftmaxBackward0>)
1 fold | 47 epoch | y_true : [0 0 0 0 0 0 1 0 0 0 0 1 1 1 0]
1 fold | 47 epoch | y_pred : [1 1 1 1 1 1 1 1 1 1 1 1 1 1 1]
train loss : 0.6244170151907822 , val loss : 0.7206888198852539
1 fold | 48 epoch | predict_prob : tensor([[2.6914e-01, 7.3086e-01],
        [2.4901e-01, 7.5099e-01],
        [3.2895e-01, 6.7105e-01],
        [1.0000e+00, 1.4462e-09],
        [3.0626e-01, 6.9374e-01],
        [2.6807e-01, 7.3193e-01],
        [3.1044e-01, 6.8956e-01],
        [3.1690e-01, 6.8310e-01],
        [3.0682e-01, 6.9318e-01],
        [4.1595e-01, 5.8405e-01],
        [3.3236e-01, 6.6764e-01],
        [2.8779e-01, 7.1221e-01],
        [3.0624e-01, 6.9376e-01],
        [3.6314e-01, 6.3686e-01],
        [3.6997e-01, 6.3003e-01]], grad_fn=<SoftmaxBackward0>)
1 fold | 48 epoch | y_true : [1 0 0 0 1 0 0 0 0 1 0 0 1 0 1]
1 fold | 48 epoch | y_pred : [1 1 1 0 1 1 1 1 1 1 1 1 1 1 1]
1 fold | 48 epoch | predict_prob : tensor([[0.3887, 0.6113],
        [0.4970, 0.5030],
        [0.3155, 0.6845],
        [0.3732, 0.6268],
        [0.2601, 0.7399],
        [0.5141, 0.4859],
        [0.2131, 0.7869],
        [0.3032, 0.6968],
        [0.2387, 0.7613],
        [0.3635, 0.6365],
        [0.4237, 0.5763],
        [0.3418, 0.6582],
        [0.3491, 0.6509],
        [0.4046, 0.5954],
        [0.4801, 0.5199]], grad_fn=<SoftmaxBackward0>)
1 fold | 48 epoch | y_true : [0 1 0 0 0 0 0 0 0 1 0 1 0 1 0]
1 fold | 48 epoch | y_pred : [1 1 1 1 1 0 1 1 1 1 1 1 1 1 1]
train loss : 0.6189828885012659 , val loss : 0.7517445683479309
1 fold | 49 epoch | predict_prob : tensor([[2.1226e-01, 7.8774e-01],
        [1.8524e-01, 8.1476e-01],
        [2.1483e-01, 7.8517e-01],
        [1.2790e-01, 8.7210e-01],
        [2.2707e-01, 7.7293e-01],
        [2.0894e-01, 7.9106e-01],
        [1.8594e-01, 8.1406e-01],
        [2.2075e-01, 7.7925e-01],
        [1.7752e-01, 8.2248e-01],
        [1.0000e+00, 6.5437e-08],
        [2.3436e-01, 7.6564e-01],
        [1.1796e-01, 8.8204e-01],
        [2.0720e-01, 7.9280e-01],
        [1.0007e-01, 8.9993e-01],
        [1.5448e-01, 8.4552e-01]], grad_fn=<SoftmaxBackward0>)
1 fold | 49 epoch | y_true : [0 0 1 0 0 1 1 0 0 0 0 0 1 1 0]
1 fold | 49 epoch | y_pred : [1 1 1 1 1 1 1 1 1 0 1 1 1 1 1]
1 fold | 49 epoch | predict_prob : tensor([[0.2349, 0.7651],
        [0.3183, 0.6817],
        [0.2835, 0.7165],
        [0.2481, 0.7519],
        [0.2293, 0.7707],
        [0.1251, 0.8749],
        [0.3629, 0.6371],
        [0.0821, 0.9179],
        [0.2582, 0.7418],
        [0.2726, 0.7274],
        [0.2985, 0.7015],
        [0.3810, 0.6190],
        [0.2968, 0.7032],
        [0.4087, 0.5913],
        [0.1420, 0.8580]], grad_fn=<SoftmaxBackward0>)
1 fold | 49 epoch | y_true : [0 0 1 1 0 0 1 0 0 0 0 0 0 1 0]
1 fold | 49 epoch | y_pred : [1 1 1 1 1 1 1 1 1 1 1 1 1 1 1]
train loss : 0.8433384402044888 , val loss : 0.9026512503623962
=============== 2 fold ===============
2 fold | 0 epoch | predict_prob : tensor([[0.1002, 0.8998],
        [0.1336, 0.8664],
        [0.1525, 0.8475],
        [0.0236, 0.9764],
        [0.1239, 0.8761],
        [0.1060, 0.8940],
        [0.1032, 0.8968],
        [0.0262, 0.9738],
        [0.2878, 0.7122],
        [0.0084, 0.9916],
        [0.0533, 0.9467],
        [0.0500, 0.9500],
        [0.1073, 0.8927],
        [0.0151, 0.9849],
        [0.1260, 0.8740]], grad_fn=<SoftmaxBackward0>)
2 fold | 0 epoch | y_true : [0 0 0 1 0 0 0 1 0 1 0 1 0 1 0]
2 fold | 0 epoch | y_pred : [1 1 1 1 1 1 1 1 1 1 1 1 1 1 1]
2 fold | 0 epoch | predict_prob : tensor([[0.0149, 0.9851],
        [0.0501, 0.9499],
        [0.1172, 0.8828],
        [0.1245, 0.8755],
        [0.5127, 0.4873],
        [0.0227, 0.9773],
        [0.0461, 0.9539],
        [0.0653, 0.9347],
        [0.0888, 0.9112],
        [0.0479, 0.9521],
        [0.1182, 0.8818],
        [0.0608, 0.9392],
        [0.0989, 0.9011],
        [0.1908, 0.8092],
        [0.0310, 0.9690]], grad_fn=<SoftmaxBackward0>)
2 fold | 0 epoch | y_true : [0 1 0 1 0 0 1 0 0 0 0 0 0 0 1]
2 fold | 0 epoch | y_pred : [1 1 1 1 0 1 1 1 1 1 1 1 1 1 1]
train loss : 80.63214111328125 , val loss : 1.1190602779388428
CV: 002, Epoch: 001, Val Loss: 1.11906, Val BAC: 0.50000, Test BAC: 0.54545, TEST SEN: 1.00000, TEST SPE: 0.09091
2 fold | 1 epoch | predict_prob : tensor([[9.9872e-01, 1.2750e-03],
        [9.9998e-01, 1.5636e-05],
        [9.9997e-01, 3.2026e-05],
        [9.9983e-01, 1.7381e-04],
        [9.8099e-01, 1.9014e-02],
        [9.9594e-01, 4.0551e-03],
        [9.9644e-01, 3.5619e-03],
        [9.9435e-01, 5.6539e-03],
        [9.9988e-01, 1.1588e-04],
        [9.9946e-01, 5.3965e-04],
        [9.9029e-01, 9.7064e-03],
        [9.9525e-01, 4.7503e-03],
        [9.9998e-01, 2.3784e-05],
        [9.9999e-01, 8.7765e-06],
        [9.9952e-01, 4.8022e-04]], grad_fn=<SoftmaxBackward0>)
2 fold | 1 epoch | y_true : [0 1 1 1 0 0 0 0 0 0 0 0 1 1 0]
2 fold | 1 epoch | y_pred : [0 0 0 0 0 0 0 0 0 0 0 0 0 0 0]
2 fold | 1 epoch | predict_prob : tensor([[9.9980e-01, 2.0271e-04],
        [9.9627e-01, 3.7297e-03],
        [9.9993e-01, 7.3577e-05],
        [9.9137e-01, 8.6267e-03],
        [9.7725e-01, 2.2752e-02],
        [9.9998e-01, 2.1293e-05],
        [9.9977e-01, 2.2988e-04],
        [9.9995e-01, 5.1252e-05],
        [9.9972e-01, 2.8063e-04],
        [9.9722e-01, 2.7819e-03],
        [9.9978e-01, 2.2134e-04],
        [9.9386e-01, 6.1416e-03],
        [9.9660e-01, 3.4005e-03],
        [9.9954e-01, 4.6320e-04],
        [9.9961e-01, 3.8637e-04]], grad_fn=<SoftmaxBackward0>)
2 fold | 1 epoch | y_true : [0 1 0 0 0 0 1 1 0 0 1 0 0 0 0]
2 fold | 1 epoch | y_pred : [0 0 0 0 0 0 0 0 0 0 0 0 0 0 0]
train loss : 1.0629030178333152 , val loss : 5.026937961578369
2 fold | 2 epoch | predict_prob : tensor([[5.8142e-02, 9.4186e-01],
        [7.1771e-03, 9.9282e-01],
        [6.1751e-04, 9.9938e-01],
        [1.1349e-03, 9.9887e-01],
        [1.3923e-02, 9.8608e-01],
        [9.3993e-04, 9.9906e-01],
        [2.3083e-02, 9.7692e-01],
        [5.7207e-03, 9.9428e-01],
        [2.4763e-02, 9.7524e-01],
        [3.1992e-02, 9.6801e-01],
        [4.1555e-02, 9.5845e-01],
        [2.3772e-02, 9.7623e-01],
        [1.1767e-03, 9.9882e-01],
        [2.6480e-03, 9.9735e-01],
        [3.5461e-03, 9.9645e-01]], grad_fn=<SoftmaxBackward0>)
2 fold | 2 epoch | y_true : [0 0 1 1 0 1 0 0 0 0 0 0 1 0 1]
2 fold | 2 epoch | y_pred : [1 1 1 1 1 1 1 1 1 1 1 1 1 1 1]
2 fold | 2 epoch | predict_prob : tensor([[0.0030, 0.9970],
        [0.0191, 0.9809],
        [0.0063, 0.9937],
        [0.0381, 0.9619],
        [0.0040, 0.9960],
        [0.0084, 0.9916],
        [0.0065, 0.9935],
        [0.0494, 0.9506],
        [0.0312, 0.9688],
        [0.0010, 0.9990],
        [0.0232, 0.9768],
        [0.0040, 0.9960],
        [0.0023, 0.9977],
        [0.0049, 0.9951],
        [0.0014, 0.9986]], grad_fn=<SoftmaxBackward0>)
2 fold | 2 epoch | y_true : [1 1 0 0 0 0 0 0 0 0 0 1 0 0 1]
2 fold | 2 epoch | y_pred : [1 1 1 1 1 1 1 1 1 1 1 1 1 1 1]
train loss : 2.626733257852752 , val loss : 2.1327712535858154
2 fold | 3 epoch | predict_prob : tensor([[0.2875, 0.7125],
        [0.2899, 0.7101],
        [0.3469, 0.6531],
        [0.3723, 0.6277],
        [0.3908, 0.6092],
        [0.3327, 0.6673],
        [0.3137, 0.6863],
        [0.4085, 0.5915],
        [0.2963, 0.7037],
        [0.3880, 0.6120],
        [0.3891, 0.6109],
        [0.3222, 0.6778],
        [0.3860, 0.6140],
        [0.2804, 0.7196],
        [0.3496, 0.6504]], grad_fn=<SoftmaxBackward0>)
2 fold | 3 epoch | y_true : [1 1 0 0 0 0 1 0 1 0 0 0 0 1 0]
2 fold | 3 epoch | y_pred : [1 1 1 1 1 1 1 1 1 1 1 1 1 1 1]
2 fold | 3 epoch | predict_prob : tensor([[0.3470, 0.6530],
        [0.3269, 0.6731],
        [0.3660, 0.6340],
        [0.3827, 0.6173],
        [0.2787, 0.7213],
        [0.3658, 0.6342],
        [0.3103, 0.6897],
        [0.3041, 0.6959],
        [0.3725, 0.6275],
        [0.3929, 0.6071],
        [0.3428, 0.6572],
        [0.3451, 0.6549],
        [0.3908, 0.6092],
        [0.3311, 0.6689],
        [0.2950, 0.7050]], grad_fn=<SoftmaxBackward0>)
2 fold | 3 epoch | y_true : [0 1 0 0 1 0 0 0 0 0 0 0 1 1 0]
2 fold | 3 epoch | y_pred : [1 1 1 1 1 1 1 1 1 1 1 1 1 1 1]
train loss : 1.5933681438709129 , val loss : 0.6874606609344482
CV: 002, Epoch: 004, Val Loss: 0.68746, Val BAC: 0.50000, Test BAC: 0.50000, TEST SEN: 1.00000, TEST SPE: 0.00000
2 fold | 4 epoch | predict_prob : tensor([[0.6325, 0.3675],
        [0.6828, 0.3172],
        [0.7503, 0.2497],
        [0.6025, 0.3975],
        [0.6628, 0.3372],
        [0.6207, 0.3793],
        [0.6968, 0.3032],
        [0.7093, 0.2907],
        [0.7309, 0.2691],
        [0.6156, 0.3844],
        [0.7467, 0.2533],
        [0.6690, 0.3310],
        [0.6321, 0.3679],
        [0.5918, 0.4082],
        [0.6183, 0.3817]], grad_fn=<SoftmaxBackward0>)
2 fold | 4 epoch | y_true : [0 1 1 0 0 0 0 1 1 0 1 0 0 0 0]
2 fold | 4 epoch | y_pred : [0 0 0 0 0 0 0 0 0 0 0 0 0 0 0]
2 fold | 4 epoch | predict_prob : tensor([[0.7324, 0.2676],
        [0.6545, 0.3455],
        [0.7136, 0.2864],
        [0.6280, 0.3720],
        [0.6962, 0.3038],
        [0.6691, 0.3309],
        [0.6603, 0.3397],
        [0.7021, 0.2979],
        [0.6903, 0.3097],
        [0.6153, 0.3847],
        [0.5986, 0.4014],
        [0.6041, 0.3959],
        [0.6909, 0.3091],
        [0.6812, 0.3188],
        [0.5716, 0.4284]], grad_fn=<SoftmaxBackward0>)
2 fold | 4 epoch | y_true : [0 1 1 0 0 0 0 0 1 0 0 0 1 0 0]
2 fold | 4 epoch | y_pred : [0 0 0 0 0 0 0 0 0 0 0 0 0 0 0]
train loss : 0.7982233351674574 , val loss : 0.85706627368927
2 fold | 5 epoch | predict_prob : tensor([[0.2526, 0.7474],
        [0.2817, 0.7183],
        [0.2287, 0.7713],
        [0.0879, 0.9121],
        [0.1170, 0.8830],
        [0.0812, 0.9188],
        [0.1565, 0.8435],
        [0.0714, 0.9286],
        [0.2209, 0.7791],
        [0.1491, 0.8509],
        [0.1217, 0.8783],
        [0.1774, 0.8226],
        [0.2174, 0.7826],
        [0.0854, 0.9146],
        [0.2368, 0.7632]], grad_fn=<SoftmaxBackward0>)
2 fold | 5 epoch | y_true : [0 0 0 1 0 1 0 1 0 0 1 0 0 1 0]
2 fold | 5 epoch | y_pred : [1 1 1 1 1 1 1 1 1 1 1 1 1 1 1]
2 fold | 5 epoch | predict_prob : tensor([[0.1468, 0.8532],
        [0.2449, 0.7551],
        [0.2776, 0.7224],
        [0.1511, 0.8489],
        [0.0940, 0.9060],
        [0.1335, 0.8665],
        [0.1422, 0.8578],
        [0.1309, 0.8691],
        [0.1074, 0.8926],
        [0.0848, 0.9152],
        [0.2305, 0.7695],
        [0.1239, 0.8761],
        [0.2135, 0.7865],
        [0.2269, 0.7731],
        [0.1951, 0.8049]], grad_fn=<SoftmaxBackward0>)
2 fold | 5 epoch | y_true : [0 0 0 0 1 1 0 1 0 0 1 0 0 0 0]
2 fold | 5 epoch | y_pred : [1 1 1 1 1 1 1 1 1 1 1 1 1 1 1]
train loss : 0.7329063929360489 , val loss : 0.8893541097640991
2 fold | 6 epoch | predict_prob : tensor([[0.2934, 0.7066],
        [0.2199, 0.7801],
        [0.2384, 0.7616],
        [0.2848, 0.7152],
        [0.2123, 0.7877],
        [0.1837, 0.8163],
        [0.2755, 0.7245],
        [0.3284, 0.6716],
        [0.1286, 0.8714],
        [0.1461, 0.8539],
        [0.1796, 0.8204],
        [0.3059, 0.6941],
        [0.1402, 0.8598],
        [0.1451, 0.8549],
        [0.2788, 0.7212]], grad_fn=<SoftmaxBackward0>)
2 fold | 6 epoch | y_true : [0 0 0 0 0 1 0 0 1 1 0 0 1 1 0]
2 fold | 6 epoch | y_pred : [1 1 1 1 1 1 1 1 1 1 1 1 1 1 1]
2 fold | 6 epoch | predict_prob : tensor([[0.1702, 0.8298],
        [0.2559, 0.7441],
        [0.2144, 0.7856],
        [0.2988, 0.7012],
        [0.1943, 0.8057],
        [0.1443, 0.8557],
        [0.2728, 0.7272],
        [0.1543, 0.8457],
        [0.2095, 0.7905],
        [0.3247, 0.6753],
        [0.2822, 0.7178],
        [0.2881, 0.7119],
        [0.1850, 0.8150],
        [0.1978, 0.8022],
        [0.2058, 0.7942]], grad_fn=<SoftmaxBackward0>)
2 fold | 6 epoch | y_true : [0 0 0 0 1 0 0 1 0 0 0 1 0 1 0]
2 fold | 6 epoch | y_pred : [1 1 1 1 1 1 1 1 1 1 1 1 1 1 1]
train loss : 0.7137709506626787 , val loss : 0.7829031944274902
2 fold | 7 epoch | predict_prob : tensor([[0.5173, 0.4827],
        [0.5356, 0.4644],
        [0.5158, 0.4842],
        [0.5062, 0.4938],
        [0.5030, 0.4970],
        [0.5169, 0.4831],
        [0.5009, 0.4991],
        [0.5288, 0.4712],
        [0.5372, 0.4628],
        [0.5169, 0.4831],
        [0.5134, 0.4866],
        [0.5083, 0.4917],
        [0.5094, 0.4906],
        [0.5105, 0.4895],
        [0.5076, 0.4924]], grad_fn=<SoftmaxBackward0>)
2 fold | 7 epoch | y_true : [0 1 0 0 0 0 0 1 1 0 0 0 1 1 0]
2 fold | 7 epoch | y_pred : [0 0 0 0 0 0 0 0 0 0 0 0 0 0 0]
